 Masse A  
t x y 
0.000 784.1 -9.410
1.000 783.0 -9.755
2.000 781.7 -9.341
3.000 780.7 -9.830
4.000 779.8 -9.434
5.000 778.6 -9.484
6.000 777.4 -9.461
7.000 776.2 -9.288
8.000 774.8 -9.541
9.000 773.9 -9.338
10.000 772.7 -9.469
11.000 771.6 -9.406
12.000 770.6 -9.302
13.000 769.4 -9.782
14.000 768.2 -9.414
15.000 767.0 -9.557
16.000 765.9 -9.522
17.000 764.8 -9.416
18.000 763.7 -9.772
19.000 762.6 -9.524
20.000 761.3 -9.566
21.000 760.0 -9.715
22.000 759.1 -9.382
23.000 757.9 -9.849
24.000 756.7 -9.468
25.000 755.8 -9.645
26.000 755.0 -9.757
27.000 753.6 -9.471
28.000 752.7 -9.695
29.000 751.7 -9.606
30.000 750.7 -9.872
31.000 749.6 -9.775
32.000 748.5 -9.769
33.000 747.1 -9.904
34.000 746.2 -9.775
35.000 745.1 -9.832
36.000 744.3 -10.08
37.000 743.1 -10.10
38.000 742.3 -10.35
39.000 741.4 -9.988
40.000 740.5 -10.25
41.000 739.4 -10.26
42.000 738.8 -10.20
43.000 738.0 -10.39
44.000 737.1 -10.29
45.000 736.1 -10.37
46.000 735.3 -10.45
47.000 734.3 -10.36
48.000 733.7 -10.56
49.000 733.0 -10.42
50.000 732.1 -10.49
51.000 731.2 -10.53
52.000 730.6 -10.45
53.000 730.0 -10.73
54.000 729.4 -10.56
55.000 728.6 -10.61
56.000 727.6 -10.83
57.000 726.9 -10.51
58.000 726.5 -10.61
59.000 725.7 -10.49
60.000 725.2 -10.57
61.000 724.6 -10.71
62.000 724.1 -10.50
63.000 723.3 -10.68
64.000 722.7 -10.59
65.000 722.3 -10.53
66.000 721.9 -10.68
67.000 721.4 -10.48
68.000 720.9 -10.72
69.000 720.6 -10.63
70.000 720.3 -10.61
71.000 719.9 -10.91
72.000 719.7 -10.84
73.000 719.3 -10.80
74.000 719.0 -10.56
75.000 718.6 -10.62
76.000 718.2 -10.81
77.000 718.1 -10.64
78.000 718.2 -10.95
79.000 717.9 -11.13
80.000 718.0 -11.18
81.000 717.7 -11.31
82.000 717.7 -11.03
83.000 717.7 -11.46
84.000 717.7 -11.07
85.000 717.7 -11.15
86.000 717.6 -11.23
87.000 717.6 -10.98
88.000 717.7 -11.48
89.000 717.7 -11.16
90.000 717.7 -11.25
91.000 717.8 -11.31
92.000 717.8 -10.90
93.000 717.9 -11.14
94.000 718.0 -10.92
95.000 718.2 -11.09
96.000 718.4 -11.22
97.000 718.4 -10.87
98.000 718.7 -11.06
99.000 719.0 -10.79
100.000 719.4 -10.75
101.000 719.7 -11.00
102.000 720.1 -10.83
103.000 720.4 -10.82
104.000 720.9 -10.57
105.000 721.4 -10.54
106.000 721.8 -10.70
107.000 722.3 -10.57
108.000 722.6 -10.79
109.000 723.3 -10.65
110.000 723.6 -10.50
111.000 724.4 -10.63
112.000 724.9 -10.48
113.000 725.6 -10.69
114.000 726.3 -10.50
115.000 726.8 -10.62
116.000 727.6 -10.72
117.000 728.7 -10.58
118.000 729.3 -10.63
119.000 730.1 -10.42
120.000 730.7 -10.47
121.000 731.6 -10.49
122.000 732.6 -10.29
123.000 733.6 -10.54
124.000 734.0 -10.40
125.000 735.0 -10.32
126.000 736.0 -10.46
127.000 736.8 -10.21
128.000 738.0 -10.33
129.000 739.0 -10.20
130.000 739.9 -10.18
131.000 741.0 -10.38
132.000 742.0 -9.923
133.000 742.9 -10.44
134.000 744.0 -10.23
135.000 745.1 -10.22
136.000 746.4 -10.39
137.000 747.4 -9.892
138.000 748.3 -9.925
139.000 749.7 -9.951
140.000 751.0 -9.977
141.000 752.2 -10.03
142.000 753.3 -9.832
143.000 754.7 -9.797
144.000 756.0 -9.428
145.000 757.2 -9.379
146.000 758.8 -9.908
147.000 759.9 -9.609
148.000 761.2 -9.644
149.000 762.6 -9.505
150.000 764.1 -9.543
151.000 765.5 -9.522
152.000 766.6 -9.415
153.000 768.4 -9.579
154.000 769.5 -9.292
155.000 771.0 -9.324
156.000 772.4 -9.516
157.000 773.8 -9.392
158.000 775.5 -9.529
159.000 776.9 -9.539
160.000 778.4 -9.332
161.000 779.8 -9.518
162.000 781.2 -9.168
163.000 783.0 -9.491
164.000 784.5 -9.388
165.000 785.9 -9.158
166.000 787.6 -9.341
167.000 789.3 -9.075
168.000 790.7 -9.220
169.000 792.5 -9.245
170.000 793.9 -9.094
171.000 795.6 -9.299
172.000 797.0 -9.171
173.000 798.6 -9.108
174.000 800.7 -9.056
175.000 802.3 -8.946
176.000 803.7 -9.216
177.000 805.4 -9.029
178.000 807.3 -9.040
179.000 809.1 -9.301
180.000 811.1 -9.404
181.000 812.2 -9.692
182.000 813.7 -8.942
183.000 816.0 -8.813
184.000 817.9 -8.634
185.000 819.5 -8.373
186.000 821.1 -8.637
187.000 822.8 -8.393
188.000 824.4 -8.578
189.000 826.3 -8.459
190.000 827.8 -8.254
191.000 829.6 -8.528
192.000 831.0 -8.421
193.000 832.8 -8.459
194.000 834.5 -8.219
195.000 836.0 -8.071
196.000 837.7 -8.116
197.000 839.7 -8.119
198.000 841.4 -8.283
199.000 842.8 -8.309
200.000 844.3 -8.068
201.000 846.1 -7.940
202.000 847.6 -7.764
203.000 849.2 -7.590
204.000 850.9 -7.596
205.000 852.5 -7.475
206.000 854.0 -7.470
207.000 855.5 -7.140
208.000 856.8 -7.620
209.000 858.9 -7.443
210.000 860.3 -7.259
211.000 861.5 -7.411
212.000 863.1 -7.109
213.000 864.6 -7.330
214.000 866.4 -7.340
215.000 867.7 -7.002
216.000 869.4 -7.225
217.000 870.8 -6.822
218.000 872.4 -6.784
219.000 873.7 -6.720
220.000 875.2 -6.701
221.000 876.7 -6.824
222.000 878.0 -6.821
223.000 879.6 -6.728
224.000 881.1 -6.617
225.000 882.4 -6.561
226.000 883.6 -6.742
227.000 885.1 -6.450
228.000 886.5 -6.627
229.000 887.8 -6.521
230.000 889.0 -6.605
231.000 890.4 -6.597
232.000 891.5 -6.461
233.000 892.9 -6.607
234.000 894.0 -6.495
235.000 895.3 -6.511
236.000 896.4 -6.648
237.000 897.7 -6.303
238.000 899.0 -6.441
239.000 900.0 -6.628
240.000 901.2 -6.445
241.000 902.3 -6.387
242.000 903.3 -6.391
243.000 904.4 -6.556
244.000 905.4 -6.596
245.000 906.4 -6.532
246.000 907.4 -6.539
247.000 908.4 -6.203
248.000 909.2 -6.449
249.000 910.2 -6.320
250.000 911.1 -6.232
251.000 912.2 -6.340
252.000 913.0 -5.881
253.000 913.9 -6.091
254.000 914.8 -6.378
255.000 915.7 -6.372
256.000 916.3 -6.436
257.000 917.1 -6.433
258.000 917.9 -6.386
259.000 918.5 -6.349
260.000 918.8 -6.378
261.000 919.9 -6.370
262.000 920.4 -6.294
263.000 921.0 -6.219
264.000 921.7 -6.263
265.000 922.6 -5.975
266.000 923.0 -6.421
267.000 923.4 -6.253
268.000 923.8 -6.330
269.000 924.3 -6.327
270.000 924.8 -6.318
271.000 925.3 -6.387
272.000 925.5 -6.283
273.000 925.8 -6.234
274.000 926.3 -6.349
275.000 926.6 -6.259
276.000 926.7 -6.307
277.000 927.2 -6.345
278.000 927.5 -6.359
279.000 927.4 -6.385
280.000 927.7 -6.164
281.000 928.1 -6.226
282.000 928.2 -6.246
283.000 928.2 -6.212
284.000 928.2 -6.335
285.000 928.2 -6.292
286.000 928.3 -6.296
287.000 928.3 -6.225
288.000 928.3 -6.175
289.000 928.3 -6.257
290.000 928.3 -6.160
291.000 928.2 -6.274
292.000 928.1 -6.214
293.000 928.1 -6.218
294.000 928.0 -6.268
295.000 927.8 -6.291
296.000 927.8 -6.361
297.000 927.5 -6.144
298.000 927.2 -6.265
299.000 926.7 -6.292
300.000 926.6 -6.120
301.000 926.2 -6.269
302.000 925.8 -6.200
303.000 925.6 -6.161
304.000 925.0 -6.292
305.000 924.5 -6.150
306.000 924.0 -6.309
307.000 923.6 -6.308
308.000 923.3 -6.321
309.000 922.7 -6.363
310.000 922.3 -6.261
311.000 921.6 -6.424
312.000 920.9 -6.261
313.000 920.3 -6.204
314.000 919.6 -6.297
315.000 919.0 -6.334
316.000 918.5 -6.547
317.000 917.7 -6.362
318.000 917.0 -6.296
319.000 916.2 -6.385
320.000 915.4 -6.367
321.000 914.4 -6.423
322.000 913.8 -6.319
323.000 913.2 -6.367
324.000 912.2 -6.362
325.000 911.2 -6.349
326.000 910.4 -6.762
327.000 909.4 -6.635
328.000 908.8 -6.383
329.000 907.8 -6.636
330.000 907.0 -6.514
331.000 905.9 -6.698
332.000 905.1 -6.542
333.000 904.2 -6.441
334.000 903.1 -6.554
335.000 902.0 -6.453
336.000 900.9 -6.580
337.000 899.9 -6.557
338.000 898.9 -6.557
339.000 897.7 -6.628
340.000 896.7 -6.640
341.000 895.4 -6.657
342.000 894.2 -6.656
343.000 893.0 -6.583
344.000 891.9 -6.657
345.000 890.5 -6.573
346.000 889.4 -6.647
347.000 888.0 -6.535
348.000 886.9 -6.598
349.000 885.5 -6.741
350.000 884.3 -6.640
351.000 882.9 -6.699
352.000 881.9 -6.693
353.000 880.4 -6.813
354.000 879.2 -6.907
355.000 877.8 -6.571
356.000 876.8 -6.833
357.000 875.3 -6.723
358.000 874.0 -6.611
359.000 872.6 -6.802
360.000 871.3 -6.704
361.000 869.9 -7.081
362.000 868.7 -7.017
363.000 867.3 -6.911
364.000 865.8 -7.330
365.000 864.4 -7.264
366.000 862.9 -7.436
367.000 861.5 -7.293
368.000 860.3 -7.318
369.000 858.8 -7.495
370.000 857.5 -7.319
371.000 855.9 -7.371
372.000 854.6 -7.516
373.000 853.3 -7.418
374.000 851.8 -7.811
375.000 850.7 -7.547
376.000 849.2 -7.617
377.000 847.7 -7.633
378.000 846.5 -7.706
379.000 844.9 -7.906
380.000 843.7 -7.635
381.000 842.3 -7.782
382.000 840.6 -7.822
383.000 839.4 -7.712
384.000 838.0 -7.928
385.000 836.5 -8.009
386.000 835.0 -8.329
387.000 833.7 -8.341
388.000 832.3 -8.272
389.000 830.8 -8.543
390.000 829.7 -8.331
391.000 828.1 -8.498
392.000 826.8 -8.428
393.000 825.6 -8.339
394.000 823.9 -8.549
395.000 822.5 -8.372
396.000 821.3 -8.519
397.000 820.0 -8.513
398.000 818.7 -8.504
399.000 817.4 -8.755
400.000 815.6 -8.749
401.000 814.0 -9.183
402.000 812.9 -9.295
403.000 811.8 -9.459
404.000 810.9 -9.410
405.000 809.2 -9.004
406.000 807.5 -9.064
407.000 805.8 -9.067
408.000 804.7 -9.127
409.000 803.4 -9.176
410.000 802.2 -9.086
411.000 800.9 -9.199
412.000 799.8 -9.072
413.000 798.4 -9.168
414.000 797.3 -9.370
415.000 796.3 -9.216
416.000 795.2 -9.179
417.000 794.0 -9.175
418.000 792.9 -9.300
419.000 791.6 -9.275
420.000 790.7 -9.041
421.000 789.7 -9.263
422.000 788.7 -9.212
423.000 787.7 -9.147
424.000 786.6 -9.351
425.000 785.6 -9.234
426.000 784.8 -9.436
427.000 783.7 -9.389
428.000 782.8 -9.288
429.000 781.6 -9.420
430.000 780.8 -9.466
431.000 779.9 -9.509
432.000 779.0 -9.420
433.000 778.1 -9.308
434.000 777.2 -9.507
435.000 776.3 -9.298
436.000 775.4 -9.470
437.000 774.6 -9.378
438.000 773.9 -9.299
439.000 773.1 -9.439
440.000 772.5 -9.412
441.000 771.6 -9.429
442.000 771.2 -9.371
443.000 770.3 -9.350
444.000 769.6 -9.502
445.000 769.1 -9.395
446.000 768.6 -9.544
447.000 768.1 -9.506
448.000 767.3 -9.576
449.000 766.7 -9.554
450.000 766.4 -9.521
451.000 765.8 -9.490
452.000 765.3 -9.495
453.000 764.8 -9.512
454.000 764.4 -9.538
455.000 764.0 -9.515
456.000 763.7 -9.683
457.000 763.3 -9.594
458.000 763.0 -9.569
459.000 762.5 -9.641
460.000 762.0 -9.594
461.000 761.9 -9.696
462.000 761.6 -9.635
463.000 761.2 -9.655
464.000 760.9 -9.646
465.000 760.9 -9.586
466.000 760.9 -9.621
467.000 760.5 -9.607
468.000 760.5 -9.590
469.000 760.3 -9.627
470.000 760.2 -9.503
471.000 760.2 -9.617
472.000 760.1 -9.637
473.000 760.1 -9.597
474.000 760.1 -9.666
475.000 760.2 -9.571
476.000 760.2 -9.638
477.000 760.3 -9.600
478.000 760.4 -9.606
479.000 760.4 -9.694
480.000 760.6 -9.573
481.000 761.0 -9.663
482.000 761.2 -9.565
483.000 761.6 -9.614
484.000 761.6 -9.693
485.000 762.2 -9.606
486.000 762.5 -9.593
487.000 762.8 -9.513
488.000 763.2 -9.487
489.000 763.7 -9.612
490.000 764.2 -9.543
491.000 764.6 -9.604
492.000 764.9 -9.443
493.000 765.4 -9.417
494.000 765.7 -9.528
495.000 766.3 -9.489
496.000 766.7 -9.567
497.000 767.4 -9.544
498.000 767.8 -9.496
499.000 768.6 -9.516
500.000 769.2 -9.404
501.000 769.7 -9.456
502.000 770.4 -9.375
503.000 771.1 -9.331
504.000 771.6 -9.403
505.000 772.4 -9.374
506.000 773.0 -9.379
507.000 773.7 -9.360
508.000 774.8 -9.423
509.000 775.7 -9.489
510.000 776.6 -9.439
511.000 777.6 -9.391
512.000 777.9 -9.366
513.000 779.0 -9.384
514.000 779.7 -9.597
515.000 780.8 -9.424
516.000 781.5 -9.374
517.000 782.5 -9.222
518.000 783.2 -9.354
519.000 784.3 -9.382
520.000 785.4 -9.180
521.000 786.2 -9.259
522.000 787.5 -9.201
523.000 788.6 -9.174
524.000 789.3 -9.357
525.000 790.3 -9.151
526.000 791.4 -9.204
527.000 792.7 -9.258
528.000 794.0 -9.054
529.000 795.2 -9.161
530.000 796.2 -9.200
531.000 797.2 -9.287
532.000 798.3 -9.226
533.000 799.7 -8.886
534.000 801.0 -8.868
535.000 802.1 -8.711
536.000 803.3 -8.772
537.000 804.6 -8.827
538.000 806.0 -8.592
539.000 807.5 -8.716
540.000 808.9 -8.983
541.000 810.7 -9.345
542.000 811.6 -9.737
543.000 812.7 -9.365
544.000 814.0 -9.565
545.000 815.8 -9.041
546.000 817.2 -9.061
547.000 818.7 -8.916
548.000 820.1 -8.772
549.000 821.3 -8.657
550.000 822.5 -8.407
551.000 823.8 -8.502
552.000 825.3 -8.403
553.000 826.6 -8.559
554.000 828.2 -8.467
555.000 829.6 -8.441
556.000 831.1 -8.368
557.000 832.2 -8.334
558.000 833.6 -8.281
559.000 835.1 -8.373
560.000 836.3 -8.292
561.000 837.8 -8.334
562.000 839.3 -8.157
563.000 840.7 -8.225
564.000 842.2 -8.236
565.000 843.6 -8.118
566.000 844.8 -8.295
567.000 846.5 -8.195
568.000 847.5 -8.020
569.000 848.8 -7.908
570.000 850.3 -7.549
571.000 851.8 -7.560
572.000 853.2 -7.552
573.000 854.8 -7.432
574.000 856.1 -7.506
575.000 857.4 -7.348
576.000 858.8 -7.411
577.000 860.2 -7.344
578.000 861.4 -7.436
579.000 862.9 -7.342
580.000 864.1 -7.260
581.000 865.9 -7.048
582.000 867.3 -7.348
583.000 868.7 -7.232
584.000 869.9 -7.226
585.000 871.4 -7.086
586.000 872.7 -7.167
587.000 874.2 -7.109
588.000 875.1 -7.098
589.000 876.7 -7.137
590.000 877.9 -7.108
591.000 879.5 -7.223
592.000 880.5 -7.234
593.000 881.8 -7.059
594.000 883.3 -6.974
595.000 884.6 -7.036
596.000 885.9 -7.009
597.000 887.2 -6.902
598.000 888.3 -6.627
599.000 889.7 -6.623
600.000 891.0 -6.555
601.000 892.2 -6.706
602.000 893.4 -6.557
603.000 894.4 -6.681
604.000 895.6 -6.709
605.000 896.7 -6.549
606.000 897.9 -6.499
607.000 899.3 -6.488
608.000 900.3 -6.571
609.000 901.2 -6.748
610.000 902.4 -6.650
611.000 903.4 -6.561
612.000 904.4 -6.557
613.000 905.6 -6.594
614.000 906.4 -6.683
615.000 907.4 -6.494
616.000 908.4 -6.547
617.000 909.5 -6.402
618.000 910.4 -6.412
619.000 911.3 -6.462
620.000 912.3 -6.336
621.000 913.2 -6.417
622.000 914.1 -6.490
623.000 915.2 -6.287
624.000 916.0 -6.433
625.000 917.0 -6.370
626.000 917.7 -6.494
627.000 918.4 -6.429
628.000 919.2 -6.432
629.000 919.9 -6.404
630.000 920.8 -6.315
631.000 921.8 -6.305
632.000 922.5 -6.319
633.000 923.1 -6.299
634.000 923.7 -6.386
635.000 924.4 -6.181
636.000 924.7 -6.352
637.000 925.5 -6.269
638.000 925.9 -6.249
639.000 926.5 -6.337
640.000 926.9 -6.388
641.000 927.5 -6.434
642.000 928.0 -6.226
643.000 928.7 -6.209
644.000 929.2 -6.215
645.000 929.7 -6.239
646.000 930.1 -6.257
647.000 930.5 -6.263
648.000 930.5 -6.269
649.000 930.9 -6.301
650.000 931.5 -6.255
651.000 931.7 -6.264
652.000 932.1 -6.213
653.000 932.4 -6.160
654.000 932.3 -6.223
655.000 932.7 -6.166
656.000 933.0 -6.248
657.000 933.1 -6.190
658.000 933.2 -6.148
659.000 933.2 -6.213
660.000 933.4 -6.091
661.000 933.4 -6.195
662.000 933.5 -6.153
663.000 933.5 -6.160
664.000 933.8 -6.051
665.000 934.0 -6.085
666.000 934.0 -6.168
667.000 933.9 -6.168
668.000 933.7 -6.084
669.000 933.8 -6.122
670.000 933.7 -6.078
671.000 933.7 -6.117
672.000 933.5 -6.129
673.000 933.0 -6.173
674.000 933.0 -6.279
675.000 932.7 -5.922
676.000 932.7 -6.052
677.000 932.3 -6.013
678.000 931.9 -6.118
679.000 931.6 -6.063
680.000 931.1 -6.016
681.000 930.9 -6.094
682.000 930.6 -6.162
683.000 929.9 -6.214
684.000 929.6 -6.369
685.000 929.4 -6.280
686.000 928.7 -6.303
687.000 928.5 -6.219
688.000 927.8 -6.294
689.000 927.3 -6.253
690.000 926.7 -6.243
691.000 926.2 -6.240
692.000 925.7 -6.259
693.000 925.1 -6.240
694.000 924.3 -6.426
695.000 923.3 -6.351
696.000 922.9 -6.315
697.000 922.3 -6.349
698.000 921.7 -6.399
699.000 921.1 -6.379
700.000 920.2 -6.281
701.000 919.3 -6.302
702.000 918.6 -6.491
703.000 917.9 -6.416
704.000 917.2 -6.373
705.000 916.3 -6.246
706.000 915.3 -6.408
707.000 914.5 -6.308
708.000 913.6 -6.436
709.000 912.7 -6.511
710.000 911.8 -6.439
711.000 910.9 -6.440
712.000 910.3 -6.531
713.000 909.3 -6.412
714.000 908.3 -6.503
715.000 907.2 -6.493
716.000 906.2 -6.603
717.000 905.2 -6.618
718.000 904.2 -6.470
719.000 903.3 -6.529
720.000 901.9 -6.599
721.000 900.9 -6.619
722.000 900.0 -6.587
723.000 898.8 -6.447
724.000 897.9 -6.638
725.000 896.7 -6.701
726.000 895.7 -6.673
727.000 894.5 -6.601
728.000 893.2 -6.554
729.000 891.8 -6.673
730.000 890.9 -6.644
731.000 889.7 -6.734
732.000 888.6 -6.709
733.000 887.3 -6.342
734.000 886.0 -6.558
735.000 884.7 -6.638
736.000 883.8 -6.679
737.000 882.4 -6.785
738.000 881.2 -6.738
739.000 879.8 -6.792
740.000 878.8 -6.692
741.000 877.3 -6.736
742.000 876.1 -6.757
743.000 874.7 -6.694
744.000 873.7 -6.823
745.000 872.2 -6.738
746.000 871.0 -6.717
747.000 869.6 -6.729
748.000 868.3 -6.772
749.000 866.8 -7.117
750.000 865.5 -7.249
751.000 864.2 -7.368
752.000 862.9 -7.316
753.000 861.5 -7.292
754.000 860.3 -7.336
755.000 858.8 -7.455
756.000 857.6 -7.465
757.000 856.6 -7.452
758.000 855.0 -7.392
759.000 853.9 -7.633
760.000 852.7 -7.522
761.000 851.3 -7.643
762.000 849.8 -7.569
763.000 848.7 -7.569
764.000 847.6 -7.981
765.000 846.1 -8.151
766.000 844.9 -8.219
767.000 843.6 -8.162
768.000 842.4 -8.040
769.000 841.0 -8.228
770.000 839.5 -8.142
771.000 838.0 -8.303
772.000 837.1 -8.280
773.000 835.8 -8.206
774.000 834.6 -8.384
775.000 833.5 -8.347
776.000 831.9 -8.439
777.000 830.9 -8.468
778.000 829.7 -8.373
779.000 828.3 -8.474
780.000 826.9 -8.601
781.000 825.8 -8.593
782.000 824.7 -8.647
783.000 823.6 -8.457
784.000 822.5 -8.414
785.000 821.1 -8.495
786.000 820.0 -8.596
787.000 818.9 -8.573
788.000 817.7 -8.675
789.000 816.2 -8.721
790.000 814.5 -8.903
791.000 813.0 -8.980
792.000 812.3 -9.316
793.000 811.4 -9.324
794.000 810.5 -9.218
795.000 809.2 -9.315
796.000 808.1 -8.963
797.000 806.5 -8.925
798.000 805.3 -8.980
799.000 804.3 -9.107
800.000 803.3 -9.117
801.000 802.2 -9.108
802.000 801.3 -9.202
803.000 800.4 -8.854
804.000 799.4 -8.860
805.000 798.1 -9.016
806.000 797.4 -9.254
807.000 796.7 -9.307
808.000 795.9 -9.091
809.000 795.1 -9.110
810.000 794.1 -9.085
811.000 793.1 -9.148
812.000 792.5 -9.250
813.000 791.2 -9.110
814.000 790.6 -9.213
815.000 789.8 -9.181
816.000 789.3 -9.256
817.000 788.4 -9.249
818.000 787.8 -9.184
819.000 787.0 -9.147
820.000 786.2 -9.196
821.000 785.6 -9.229
822.000 785.1 -9.312
823.000 784.3 -9.282
824.000 783.8 -9.393
825.000 783.2 -9.238
826.000 782.6 -9.264
827.000 781.9 -9.312
828.000 781.4 -9.261
829.000 780.8 -9.403
830.000 780.4 -9.349
831.000 779.9 -9.328
832.000 779.6 -9.375
833.000 779.0 -9.343
834.000 778.7 -9.442
835.000 778.2 -9.310
836.000 778.0 -9.342
837.000 777.5 -9.328
838.000 777.0 -9.317
839.000 776.9 -9.441
840.000 776.8 -9.354
841.000 776.4 -9.336
842.000 776.2 -9.414
843.000 775.8 -9.416
844.000 775.6 -9.422
845.000 775.4 -9.369
846.000 775.2 -9.390
847.000 775.2 -9.367
848.000 774.9 -9.406
849.000 774.9 -9.426
850.000 774.9 -9.391
851.000 774.9 -9.414
852.000 774.9 -9.449
853.000 774.9 -9.443
854.000 774.9 -9.440
855.000 774.9 -9.440
856.000 774.9 -9.448
857.000 775.0 -9.485
858.000 775.0 -9.446
859.000 775.0 -9.405
860.000 775.1 -9.354
861.000 775.4 -9.382
862.000 775.4 -9.400
863.000 775.8 -9.423
864.000 776.0 -9.463
865.000 776.1 -9.322
866.000 776.6 -9.308
867.000 776.8 -9.400
868.000 777.0 -9.362
869.000 777.2 -9.331
870.000 777.5 -9.318
871.000 777.9 -9.351
872.000 778.4 -9.322
873.000 778.8 -9.395
874.000 779.1 -9.492
875.000 779.6 -9.386
876.000 780.2 -9.447
877.000 780.6 -9.448
878.000 781.2 -9.378
879.000 781.6 -9.406
880.000 782.2 -9.315
881.000 782.7 -9.358
882.000 783.3 -9.331
883.000 783.9 -9.348
884.000 784.6 -9.289
885.000 785.4 -9.128
886.000 785.8 -9.209
887.000 786.5 -9.141
888.000 787.1 -9.158
889.000 787.9 -9.181
890.000 788.6 -9.195
891.000 789.6 -9.234
892.000 790.2 -9.184
893.000 790.9 -9.183
894.000 791.8 -9.255
895.000 792.8 -9.249
896.000 793.4 -9.249
897.000 794.2 -9.198
898.000 794.9 -9.186
899.000 796.1 -9.055
900.000 796.8 -9.088
901.000 797.8 -9.054
902.000 798.7 -9.031
903.000 799.7 -8.884
904.000 800.8 -8.770
905.000 801.7 -8.589
906.000 802.7 -8.690
907.000 803.7 -8.710
908.000 804.7 -8.704
909.000 805.7 -8.676
910.000 806.8 -8.607
911.000 808.2 -8.585
912.000 809.4 -8.728
913.000 810.5 -8.504
914.000 811.2 -8.756
915.000 812.0 -8.700
916.000 813.3 -8.606
917.000 814.5 -8.629
918.000 816.0 -8.218
919.000 817.6 -8.374
920.000 818.9 -8.278
921.000 820.0 -8.182
922.000 820.9 -8.174
923.000 822.1 -8.194
924.000 823.1 -8.293
925.000 824.2 -8.242
926.000 825.6 -8.327
927.000 826.9 -8.387
928.000 828.0 -8.299
929.000 829.2 -8.237
930.000 830.3 -8.121
931.000 831.4 -8.120
932.000 832.5 -8.199
933.000 833.8 -8.118
934.000 835.1 -8.024
935.000 836.4 -7.850
936.000 837.5 -7.793
937.000 838.6 -7.772
938.000 840.0 -7.692
939.000 841.3 -7.673
940.000 842.6 -7.645
941.000 844.1 -7.625
942.000 845.0 -7.655
943.000 846.5 -7.584
944.000 847.5 -7.662
945.000 848.8 -7.380
946.000 850.1 -7.442
947.000 851.7 -7.436
948.000 852.9 -7.329
949.000 854.3 -7.345
950.000 855.2 -7.421
951.000 856.4 -7.341
952.000 857.5 -7.662
953.000 858.7 -7.216
954.000 860.4 -7.224
955.000 861.3 -7.282
956.000 862.7 -7.169
957.000 864.1 -7.095
958.000 865.3 -6.945
959.000 866.6 -7.045
960.000 867.5 -6.955
961.000 868.9 -6.812
962.000 870.2 -6.697
963.000 871.5 -6.634
964.000 872.4 -6.691
965.000 873.9 -6.502
966.000 875.2 -6.358
967.000 876.3 -6.543
968.000 877.3 -6.447
969.000 878.6 -6.547
970.000 880.2 -6.413
971.000 881.3 -6.378
972.000 882.2 -6.304
973.000 883.6 -6.296
974.000 884.8 -6.365
975.000 886.0 -6.270
976.000 886.9 -6.294
977.000 888.4 -6.275
978.000 889.3 -6.251
979.000 890.3 -6.365
980.000 891.4 -6.221
981.000 892.4 -6.234
982.000 893.6 -6.256
983.000 894.8 -6.229
984.000 895.8 -6.394
985.000 896.9 -6.259
986.000 897.9 -6.179
987.000 899.0 -6.180
988.000 899.9 -6.149
989.000 901.0 -6.185
990.000 902.0 -6.174
991.000 902.9 -6.157
992.000 903.9 -6.206
993.000 904.9 -6.222
994.000 905.8 -6.214
995.000 906.7 -6.271
996.000 907.6 -6.191
997.000 908.6 -6.198
998.000 909.3 -6.135
999.000 910.1 -6.137
1000.000 910.7 -6.141
1001.000 911.5 -6.184
1002.000 912.0 -6.215
1003.000 912.9 -6.089
1004.000 913.8 -6.149
1005.000 914.5 -6.134
1006.000 915.2 -6.038
1007.000 916.0 -6.043
1008.000 916.7 -5.949
1009.000 917.5 -6.048
1010.000 917.9 -6.052
1011.000 918.6 -6.007
1012.000 919.5 -6.086
1013.000 919.8 -5.957
1014.000 920.5 -6.061
1015.000 920.9 -5.979
1016.000 921.6 -6.011
1017.000 922.3 -6.025
1018.000 922.6 -5.972
1019.000 923.3 -6.005
1020.000 923.6 -5.961
1021.000 924.2 -5.979
1022.000 924.5 -6.000
1023.000 924.8 -5.974
1024.000 925.2 -5.983
1025.000 925.5 -5.940
1026.000 925.9 -5.939
1027.000 926.2 -5.885
1028.000 926.6 -5.656
1029.000 927.1 -5.657
1030.000 927.2 -5.634
1031.000 927.3 -5.631
1032.000 927.6 -5.669
1033.000 927.7 -5.602
1034.000 928.0 -5.637
1035.000 928.1 -5.620
1036.000 928.4 -5.579
1037.000 928.4 -5.592
1038.000 928.4 -5.559
1039.000 928.4 -5.571
1040.000 928.5 -5.580
1041.000 928.6 -5.603
1042.000 928.8 -5.626
1043.000 928.9 -5.598
1044.000 929.0 -5.617
1045.000 929.0 -5.642
1046.000 929.0 -5.618
1047.000 928.8 -5.660
1048.000 928.8 -5.694
1049.000 928.6 -5.717
1050.000 928.5 -5.672
1051.000 928.3 -5.623
1052.000 928.0 -5.615
1053.000 927.9 -5.603
1054.000 927.9 -5.702
1055.000 927.7 -5.609
1056.000 927.6 -5.646
1057.000 927.2 -5.669
1058.000 926.8 -5.646
1059.000 926.6 -5.595
1060.000 926.3 -5.582
1061.000 925.9 -5.601
1062.000 925.5 -5.560
1063.000 925.0 -5.569
1064.000 924.6 -5.613
1065.000 924.0 -5.615
1066.000 923.7 -5.638
1067.000 923.4 -5.723
1068.000 923.0 -5.702
1069.000 922.5 -5.702
1070.000 921.9 -5.616
1071.000 921.4 -5.627
1072.000 920.8 -5.643
1073.000 920.4 -5.661
1074.000 919.8 -5.687
1075.000 919.1 -5.752
1076.000 918.6 -5.699
1077.000 917.8 -5.728
1078.000 917.3 -5.629
1079.000 916.4 -5.714
1080.000 915.7 -5.722
1081.000 915.2 -5.798
1082.000 914.4 -5.828
1083.000 913.6 -5.802
1084.000 913.1 -5.755
1085.000 912.1 -5.706
1086.000 911.5 -5.786
1087.000 910.4 -5.840
1088.000 909.9 -5.808
1089.000 909.1 -5.883
1090.000 908.3 -5.854
1091.000 907.5 -5.844
1092.000 906.5 -5.870
1093.000 905.6 -5.884
1094.000 904.6 -5.882
1095.000 903.8 -5.790
1096.000 903.0 -5.827
1097.000 901.9 -5.854
1098.000 901.1 -5.842
1099.000 899.9 -5.929
1100.000 899.1 -6.188
1101.000 898.0 -6.257
1102.000 897.1 -6.256
1103.000 896.0 -6.150
1104.000 895.0 -6.230
1105.000 894.0 -6.362
1106.000 893.0 -6.331
1107.000 892.0 -6.322
1108.000 890.9 -6.159
1109.000 889.8 -6.286
1110.000 888.7 -6.246
1111.000 887.7 -6.204
1112.000 886.4 -6.346
1113.000 885.3 -6.279
1114.000 884.2 -6.318
1115.000 883.2 -6.286
1116.000 882.0 -6.390
1117.000 881.1 -6.534
1118.000 879.8 -6.459
1119.000 878.5 -6.617
1120.000 877.3 -6.543
1121.000 876.2 -6.356
1122.000 875.0 -6.520
1123.000 874.0 -6.409
1124.000 872.9 -6.494
1125.000 871.6 -6.452
1126.000 870.6 -6.416
1127.000 869.1 -6.572
1128.000 868.0 -6.501
1129.000 866.7 -6.599
1130.000 865.5 -6.696
1131.000 864.3 -6.593
1132.000 863.1 -6.804
1133.000 861.8 -6.688
1134.000 860.8 -6.848
1135.000 859.6 -7.022
1136.000 858.5 -7.064
1137.000 857.2 -7.097
1138.000 856.2 -7.113
1139.000 854.9 -7.304
1140.000 853.7 -7.228
1141.000 852.7 -7.285
1142.000 851.7 -7.382
1143.000 850.4 -7.283
1144.000 848.9 -7.483
1145.000 847.9 -7.457
1146.000 847.0 -7.403
1147.000 845.5 -7.427
1148.000 844.3 -7.491
1149.000 843.0 -7.501
1150.000 842.0 -7.514
1151.000 840.8 -7.608
1152.000 839.6 -7.745
1153.000 838.4 -7.527
1154.000 837.1 -7.641
1155.000 836.1 -7.641
1156.000 835.1 -7.640
1157.000 833.9 -7.787
1158.000 833.0 -7.632
1159.000 831.7 -7.696
1160.000 830.7 -7.743
1161.000 829.6 -7.772
1162.000 828.7 -7.950
1163.000 827.6 -8.227
1164.000 826.5 -8.237
1165.000 825.3 -8.147
1166.000 824.0 -8.214
1167.000 823.0 -8.293
1168.000 822.2 -8.155
1169.000 821.1 -8.138
1170.000 820.1 -8.220
1171.000 819.3 -8.183
1172.000 818.1 -8.376
1173.000 817.1 -8.242
1174.000 815.8 -8.414
1175.000 814.8 -8.622
1176.000 813.9 -8.588
1177.000 812.8 -8.659
1178.000 812.1 -8.649
1179.000 811.1 -8.623
1180.000 810.1 -8.613
1181.000 809.0 -8.553
1182.000 807.9 -8.567
1183.000 806.9 -8.471
1184.000 805.9 -8.585
1185.000 805.0 -8.582
1186.000 804.2 -8.564
1187.000 803.2 -8.587
1188.000 802.5 -8.470
1189.000 801.7 -8.565
1190.000 801.2 -8.540
1191.000 800.3 -8.486
1192.000 799.3 -8.657
1193.000 798.4 -8.543
1194.000 798.0 -8.767
1195.000 797.4 -8.783
1196.000 796.9 -8.672
1197.000 796.3 -8.689
1198.000 795.5 -8.621
1199.000 794.6 -8.704
1200.000 794.3 -8.591
1201.000 793.6 -8.734
1202.000 793.1 -8.847
1203.000 792.5 -8.774
1204.000 791.8 -8.754
1205.000 791.3 -8.672
1206.000 790.7 -8.716
1207.000 790.3 -8.770
1208.000 789.7 -8.734
1209.000 789.5 -8.782
1210.000 789.0 -8.713
1211.000 788.6 -8.748
1212.000 788.4 -8.820
1213.000 787.9 -8.629
1214.000 787.6 -8.775
1215.000 787.2 -8.728
1216.000 786.9 -8.749
1217.000 786.6 -8.788
1218.000 786.5 -8.715
1219.000 786.0 -8.732
1220.000 785.9 -8.735
1221.000 785.6 -8.725
1222.000 785.7 -8.818
1223.000 785.6 -8.748
1224.000 785.0 -8.825
1225.000 784.8 -8.797
1226.000 784.9 -8.770
1227.000 784.8 -8.826
1228.000 784.8 -8.775
1229.000 784.7 -8.805
1230.000 784.8 -8.803
1231.000 784.7 -8.770
1232.000 784.7 -8.782
1233.000 784.7 -8.690
1234.000 784.7 -8.750
1235.000 784.8 -8.754
1236.000 784.8 -8.819
1237.000 784.8 -8.907
1238.000 784.8 -8.548
1239.000 784.9 -8.667
1240.000 785.1 -8.702
1241.000 785.4 -8.638
1242.000 785.3 -8.756
1243.000 785.4 -8.611
1244.000 785.5 -8.655
1245.000 785.8 -8.622
1246.000 786.2 -8.524
1247.000 786.4 -8.717
1248.000 786.5 -8.563
1249.000 786.8 -8.620
1250.000 787.4 -8.566
1251.000 787.8 -8.552
1252.000 788.2 -8.702
1253.000 788.7 -8.600
1254.000 789.1 -8.647
1255.000 789.4 -8.649
1256.000 789.7 -8.549
1257.000 790.1 -8.704
1258.000 790.6 -8.597
1259.000 791.3 -8.694
1260.000 791.7 -8.693
1261.000 792.3 -8.644
1262.000 792.7 -8.774
1263.000 793.4 -8.579
1264.000 793.8 -8.727
1265.000 794.5 -8.657
1266.000 794.9 -8.604
1267.000 795.7 -8.685
1268.000 796.5 -8.527
1269.000 797.0 -8.693
1270.000 797.6 -8.654
1271.000 798.5 -8.590
1272.000 798.9 -8.645
1273.000 799.9 -8.428
1274.000 800.6 -8.569
1275.000 801.6 -8.589
1276.000 802.3 -8.563
1277.000 802.9 -8.663
1278.000 803.6 -8.495
1279.000 804.7 -8.626
1280.000 805.5 -8.488
1281.000 806.3 -8.536
1282.000 807.1 -8.562
1283.000 808.3 -8.495
1284.000 809.4 -8.617
1285.000 810.4 -8.550
1286.000 811.2 -8.517
1287.000 811.9 -8.906
1288.000 812.8 -8.431
1289.000 813.9 -8.451
1290.000 815.0 -8.398
1291.000 816.2 -8.035
1292.000 817.3 -8.283
1293.000 818.3 -8.162
1294.000 819.3 -8.322
1295.000 820.2 -8.268
1296.000 821.2 -7.920
1297.000 822.3 -8.162
1298.000 823.3 -7.978
1299.000 824.3 -8.185
1300.000 825.2 -8.315
1301.000 826.3 -8.145
1302.000 827.3 -8.235
1303.000 828.3 -8.013
1304.000 829.3 -8.071
1305.000 830.7 -8.197
1306.000 831.8 -7.971
1307.000 833.0 -7.938
1308.000 833.9 -7.871
1309.000 835.0 -7.678
1310.000 836.0 -7.675
1311.000 837.2 -7.560
1312.000 838.2 -7.669
1313.000 839.3 -7.587
1314.000 840.4 -7.588
1315.000 841.5 -7.477
1316.000 842.7 -7.473
1317.000 844.0 -7.556
1318.000 845.1 -7.452
1319.000 846.4 -7.448
1320.000 847.3 -7.454
1321.000 848.4 -7.411
1322.000 849.3 -7.440
1323.000 850.8 -7.295
1324.000 852.0 -7.388
1325.000 853.1 -7.321
1326.000 854.2 -7.217
1327.000 855.4 -7.393
1328.000 856.5 -7.056
1329.000 857.5 -7.187
1330.000 858.8 -7.268
1331.000 860.0 -7.167
1332.000 861.0 -7.148
1333.000 862.1 -7.033
1334.000 863.2 -7.089
1335.000 864.4 -7.091
1336.000 865.4 -6.865
1337.000 866.7 -6.766
1338.000 868.0 -6.505
1339.000 869.1 -6.573
1340.000 870.1 -6.595
1341.000 871.3 -6.274
1342.000 872.4 -6.697
1343.000 873.6 -6.371
1344.000 874.7 -6.518
1345.000 876.0 -6.609
1346.000 876.9 -6.524
1347.000 878.0 -6.660
1348.000 879.0 -6.545
1349.000 880.2 -6.658
1350.000 881.2 -6.657
1351.000 882.1 -6.288
1352.000 883.4 -6.321
1353.000 884.5 -6.294
1354.000 885.4 -6.371
1355.000 886.5 -6.310
1356.000 887.5 -6.088
1357.000 888.5 -6.337
1358.000 889.5 -6.265
1359.000 890.6 -6.301
1360.000 891.8 -6.297
1361.000 892.7 -6.135
1362.000 893.8 -6.423
1363.000 894.7 -6.215
1364.000 895.5 -6.349
1365.000 896.4 -6.294
1366.000 897.2 -6.297
1367.000 898.2 -6.336
1368.000 899.1 -6.052
1369.000 900.0 -6.137
1370.000 900.9 -6.460
1371.000 901.9 -6.090
1372.000 902.7 -6.355
1373.000 903.8 -6.051
1374.000 904.5 -6.242
1375.000 905.2 -6.235
1376.000 905.9 -6.093
1377.000 906.8 -6.260
1378.000 907.6 -5.991
1379.000 908.4 -6.233
1380.000 909.1 -6.194
1381.000 909.8 -6.110
1382.000 910.3 -6.312
1383.000 910.9 -6.220
1384.000 911.5 -6.274
1385.000 912.2 -6.079
1386.000 912.9 -5.936
1387.000 913.8 -6.088
1388.000 914.3 -6.064
1389.000 914.8 -6.076
1390.000 915.4 -6.019
1391.000 916.2 -5.978
1392.000 916.6 -6.126
1393.000 917.3 -6.095
1394.000 917.6 -6.073
1395.000 918.3 -6.172
1396.000 918.7 -5.850
1397.000 919.2 -5.743
1398.000 919.6 -5.605
1399.000 920.1 -5.596
1400.000 920.4 -5.606
1401.000 920.8 -5.538
1402.000 921.2 -5.624
1403.000 921.5 -5.594
1404.000 921.7 -5.525
1405.000 922.2 -5.736
1406.000 922.3 -5.625
1407.000 922.8 -5.625
1408.000 923.2 -5.510
1409.000 923.2 -5.605
1410.000 923.6 -5.659
1411.000 923.6 -5.690
1412.000 923.6 -5.677
1413.000 924.3 -5.667
1414.000 924.2 -5.707
1415.000 924.2 -5.683
1416.000 924.3 -5.659
1417.000 924.4 -5.718
1418.000 924.5 -5.669
1419.000 924.5 -5.679
1420.000 924.4 -5.693
1421.000 924.4 -5.655
1422.000 924.5 -5.713
1423.000 924.5 -5.655
1424.000 924.6 -5.711
1425.000 924.8 -5.670
1426.000 924.8 -5.649
1427.000 924.8 -5.694
1428.000 924.8 -5.579
1429.000 924.7 -5.646
1430.000 924.6 -5.625
1431.000 924.6 -5.619
1432.000 924.5 -5.719
1433.000 924.1 -5.585
1434.000 923.9 -5.631
1435.000 923.8 -5.603
1436.000 923.7 -5.601
1437.000 923.3 -5.604
1438.000 923.1 -5.513
1439.000 922.6 -5.576
1440.000 922.4 -5.628
1441.000 922.1 -5.488
1442.000 921.7 -5.550
1443.000 921.3 -5.517
1444.000 920.8 -5.670
1445.000 920.5 -5.680
1446.000 920.0 -5.651
1447.000 919.5 -5.728
1448.000 919.2 -5.677
1449.000 918.7 -5.681
1450.000 918.4 -5.788
1451.000 917.7 -5.742
1452.000 917.3 -5.752
1453.000 916.7 -5.672
1454.000 916.2 -5.702
1455.000 915.4 -5.860
1456.000 914.9 -5.777
1457.000 914.3 -5.894
1458.000 913.8 -5.797
1459.000 913.2 -5.739
1460.000 912.4 -6.044
1461.000 911.7 -6.097
1462.000 911.2 -6.424
1463.000 910.6 -6.328
1464.000 909.9 -6.360
1465.000 909.1 -6.349
1466.000 908.6 -6.283
1467.000 908.0 -6.256
1468.000 907.3 -6.103
1469.000 906.3 -6.275
1470.000 905.6 -6.316
1471.000 904.8 -6.197
1472.000 904.2 -6.384
1473.000 903.2 -6.279
1474.000 902.3 -6.323
1475.000 901.4 -6.404
1476.000 900.6 -6.265
1477.000 899.8 -6.486
1478.000 899.1 -6.279
1479.000 898.1 -6.363
1480.000 897.1 -6.482
1481.000 896.2 -6.186
1482.000 895.3 -6.397
1483.000 894.4 -6.350
1484.000 893.5 -6.424
1485.000 892.4 -6.445
1486.000 891.6 -6.121
1487.000 890.7 -6.528
1488.000 889.9 -6.314
1489.000 888.8 -6.324
1490.000 887.7 -6.475
1491.000 886.7 -6.484
1492.000 885.8 -6.563
1493.000 884.7 -6.425
1494.000 883.7 -6.461
1495.000 882.7 -6.623
1496.000 881.7 -6.522
1497.000 880.8 -6.552
1498.000 879.7 -6.554
1499.000 878.5 -6.615
1500.000 877.3 -6.476
1501.000 876.2 -6.524
1502.000 875.2 -6.623
1503.000 873.9 -6.659
1504.000 873.1 -6.588
1505.000 872.0 -6.615
1506.000 870.9 -6.577
1507.000 870.0 -6.561
1508.000 869.0 -6.456
1509.000 867.7 -6.625
1510.000 866.8 -6.628
1511.000 865.6 -6.574
1512.000 864.6 -6.840
1513.000 863.3 -6.672
1514.000 862.0 -6.686
1515.000 861.0 -6.916
1516.000 859.9 -6.964
1517.000 858.8 -7.229
1518.000 857.9 -7.151
1519.000 856.8 -7.097
1520.000 855.9 -7.141
1521.000 854.7 -6.953
1522.000 853.6 -7.302
1523.000 852.7 -7.195
1524.000 851.4 -7.212
1525.000 850.2 -7.568
1526.000 849.0 -7.390
1527.000 848.1 -7.473
1528.000 847.1 -7.129
1529.000 846.0 -7.284
1530.000 844.9 -7.422
1531.000 843.9 -7.292
1532.000 842.9 -7.659
1533.000 841.8 -7.552
1534.000 840.8 -7.523
1535.000 839.7 -7.796
1536.000 838.8 -7.434
1537.000 837.9 -7.662
1538.000 836.7 -7.607
1539.000 835.7 -7.772
1540.000 834.9 -7.788
1541.000 833.7 -7.400
1542.000 832.7 -7.888
1543.000 831.7 -7.804
1544.000 830.8 -7.797
1545.000 829.8 -7.806
1546.000 829.0 -7.636
1547.000 827.7 -7.857
1548.000 826.8 -7.910
1549.000 825.9 -8.270
1550.000 825.0 -8.430
1551.000 823.9 -8.181
1552.000 823.1 -8.304
1553.000 822.3 -8.032
1554.000 821.4 -8.087
1555.000 820.3 -8.224
1556.000 819.7 -8.112
1557.000 819.1 -8.460
1558.000 818.0 -8.283
1559.000 817.1 -8.261
1560.000 816.0 -8.538
1561.000 815.0 -8.442
1562.000 814.1 -8.753
1563.000 813.1 -8.606
1564.000 812.5 -8.698
1565.000 812.0 -8.819
1566.000 811.4 -8.562
1567.000 810.7 -8.966
1568.000 809.8 -8.840
1569.000 808.9 -8.584
1570.000 808.0 -8.559
1571.000 807.0 -8.456
1572.000 806.2 -8.684
1573.000 805.6 -8.647
1574.000 805.1 -8.606
1575.000 804.2 -8.587
1576.000 803.7 -8.586
1577.000 803.1 -8.563
1578.000 802.6 -8.469
1579.000 802.0 -8.515
1580.000 801.6 -8.572
1581.000 800.8 -8.533
1582.000 800.4 -8.594
1583.000 799.7 -8.556
1584.000 799.2 -8.578
1585.000 798.8 -8.668
1586.000 798.3 -8.680
1587.000 797.9 -8.779
1588.000 797.6 -8.700
1589.000 797.4 -8.696
1590.000 796.9 -8.721
1591.000 796.7 -8.591
1592.000 796.4 -8.741
1593.000 795.9 -8.598
1594.000 795.5 -8.599
1595.000 795.1 -8.685
1596.000 794.8 -8.528
1597.000 794.5 -8.693
1598.000 794.2 -8.617
1599.000 793.8 -8.756
1600.000 793.8 -8.775
1601.000 793.7 -8.665
1602.000 793.4 -8.788
1603.000 793.2 -8.722
1604.000 792.8 -8.830
1605.000 792.9 -8.926
1606.000 792.9 -8.995
1607.000 792.9 -9.124
1608.000 792.7 -8.938
1609.000 792.7 -9.008
1610.000 792.7 -9.047
1611.000 792.7 -9.013
1612.000 792.6 -9.086
1613.000 792.6 -9.107
1614.000 792.6 -9.037
1615.000 792.7 -9.063
1616.000 792.7 -9.066
1617.000 792.7 -9.086
1618.000 792.8 -9.052
1619.000 792.9 -9.036
1620.000 793.0 -9.176
1621.000 793.0 -8.995
1622.000 793.1 -9.105
1623.000 793.4 -9.040
1624.000 793.4 -8.983
1625.000 793.7 -9.077
1626.000 794.0 -8.902
1627.000 794.3 -8.711
1628.000 794.4 -8.591
1629.000 794.6 -8.636
1630.000 795.1 -8.717
1631.000 795.4 -8.566
1632.000 795.6 -8.775
1633.000 796.2 -8.619
1634.000 796.4 -8.682
1635.000 796.6 -8.790
1636.000 797.2 -8.626
1637.000 797.6 -8.725
1638.000 798.0 -8.618
1639.000 798.4 -8.500
1640.000 798.7 -8.694
1641.000 799.4 -8.384
1642.000 799.8 -8.637
1643.000 800.5 -8.510
1644.000 800.8 -8.384
1645.000 801.5 -8.662
1646.000 801.9 -8.514
1647.000 802.6 -8.586
1648.000 803.2 -8.528
1649.000 803.7 -8.482
1650.000 804.4 -8.647
1651.000 804.9 -8.552
1652.000 805.6 -8.668
1653.000 806.4 -8.536
1654.000 807.0 -8.466
1655.000 807.8 -8.620
1656.000 808.9 -8.625
1657.000 809.9 -8.729
1658.000 810.7 -8.798
1659.000 811.4 -8.559
1660.000 811.7 -9.033
1661.000 812.4 -8.871
1662.000 813.0 -8.852
1663.000 813.9 -8.472
1664.000 814.8 -8.422
1665.000 816.0 -8.410
1666.000 816.9 -8.045
1667.000 817.8 -8.393
1668.000 818.9 -8.315
1669.000 819.6 -8.189
1670.000 820.4 -8.340
1671.000 821.3 -8.240
1672.000 822.1 -8.326
1673.000 822.9 -8.317
1674.000 823.7 -8.206
1675.000 824.8 -8.318
1676.000 825.7 -8.078
1677.000 826.6 -8.482
1678.000 827.4 -8.219
1679.000 828.3 -7.849
1680.000 829.2 -7.935
1681.000 830.2 -7.658
1682.000 831.1 -8.070
1683.000 832.1 -8.007
1684.000 833.0 -7.875
1685.000 834.1 -7.612
1686.000 835.0 -7.355
1687.000 836.2 -7.692
1688.000 837.0 -7.644
1689.000 838.1 -7.508
1690.000 839.1 -7.571
1691.000 840.1 -7.386
1692.000 841.1 -7.561
1693.000 842.1 -7.429
1694.000 843.1 -7.427
1695.000 844.2 -7.726
1696.000 845.1 -7.227
1697.000 846.2 -7.298
1698.000 847.1 -7.248
1699.000 848.3 -7.274
1700.000 849.1 -7.638
1701.000 850.2 -7.172
1702.000 851.3 -7.291
1703.000 852.3 -7.153
1704.000 853.3 -6.892
1705.000 854.3 -7.109
1706.000 855.3 -6.843
1707.000 856.4 -7.051
1708.000 857.4 -7.218
1709.000 858.3 -7.135
1710.000 859.4 -7.248
1711.000 860.4 -6.994
1712.000 861.3 -7.151
1713.000 862.6 -7.166
1714.000 863.5 -6.788
1715.000 864.7 -6.852
1716.000 865.8 -6.577
1717.000 867.1 -6.698
1718.000 868.0 -6.693
1719.000 869.0 -6.567
1720.000 869.9 -6.683
1721.000 871.2 -6.361
1722.000 872.0 -6.753
1723.000 873.2 -6.792
1724.000 873.9 -6.685
1725.000 875.0 -6.771
1726.000 876.1 -6.334
1727.000 877.1 -6.539
1728.000 877.9 -6.609
1729.000 879.0 -6.575
1730.000 879.8 -6.723
1731.000 881.0 -6.531
1732.000 881.7 -6.544
1733.000 882.9 -6.525
1734.000 883.8 -6.457
1735.000 884.9 -6.511
1736.000 885.8 -6.505
1737.000 886.8 -6.582
1738.000 887.4 -6.508
1739.000 888.3 -6.321
1740.000 889.4 -6.656
1741.000 890.2 -6.520
1742.000 890.9 -6.575
1743.000 891.9 -6.445
1744.000 893.0 -6.202
1745.000 893.7 -6.654
1746.000 894.5 -6.376
1747.000 895.3 -6.548
1748.000 896.0 -6.248
1749.000 897.0 -6.169
1750.000 897.6 -6.435
1751.000 898.5 -6.245
1752.000 899.2 -6.573
1753.000 900.0 -6.563
1754.000 900.9 -6.186
1755.000 901.6 -6.458
1756.000 902.4 -6.178
1757.000 903.1 -6.273
1758.000 903.7 -6.432
1759.000 904.6 -6.257
1760.000 905.3 -6.379
1761.000 906.0 -5.967
1762.000 906.5 -6.340
1763.000 906.9 -6.369
1764.000 907.6 -6.378
1765.000 908.2 -6.549
1766.000 908.6 -6.257
1767.000 909.4 -6.375
1768.000 909.8 -6.297
1769.000 910.6 -6.225
1770.000 911.1 -6.554
1771.000 911.4 -6.124
1772.000 911.7 -6.285
1773.000 912.4 -6.345
1774.000 912.8 -6.278
1775.000 913.5 -6.512
1776.000 913.7 -6.225
1777.000 914.3 -6.387
1778.000 914.6 -6.294
1779.000 914.9 -6.176
1780.000 915.3 -6.401
1781.000 915.7 -6.175
1782.000 916.0 -6.274
1783.000 916.5 -6.422
1784.000 916.6 -6.078
1785.000 917.0 -6.361
1786.000 917.4 -6.289
1787.000 917.4 -6.303
1788.000 917.7 -6.113
1789.000 918.0 -5.874
1790.000 918.3 -6.127
1791.000 918.3 -6.127
1792.000 918.5 -6.235
1793.000 918.6 -6.248
1794.000 918.9 -6.173
1795.000 919.2 -6.218
1796.000 919.2 -6.176
1797.000 919.2 -6.119
1798.000 919.3 -6.235
1799.000 919.4 -6.127
1800.000 919.4 -6.203
1801.000 919.4 -6.125
1802.000 919.4 -6.222
1803.000 919.4 -6.229
1804.000 919.4 -6.235
1805.000 919.3 -6.274
1806.000 919.3 -5.932
1807.000 919.3 -6.057
1808.000 919.3 -6.271
1809.000 919.2 -6.147
1810.000 919.2 -6.480
1811.000 919.0 -5.895
1812.000 918.9 -5.917
1813.000 918.6 -6.260
1814.000 918.7 -6.113
1815.000 918.6 -6.320
1816.000 918.2 -6.093
1817.000 917.8 -6.118
1818.000 917.5 -6.164
1819.000 917.2 -6.153
1820.000 917.0 -6.355
1821.000 916.7 -5.978
1822.000 916.5 -6.327
1823.000 916.1 -6.365
1824.000 915.7 -5.986
1825.000 915.7 -6.420
1826.000 915.2 -6.247
1827.000 914.6 -6.340
1828.000 914.2 -6.357
1829.000 913.7 -6.167
1830.000 913.6 -6.328
1831.000 913.4 -6.164
1832.000 912.7 -6.247
1833.000 912.2 -6.506
1834.000 911.6 -6.229
1835.000 911.0 -6.280
1836.000 910.7 -6.148
1837.000 910.2 -6.174
1838.000 909.7 -6.418
1839.000 909.1 -6.037
1840.000 908.5 -6.410
1841.000 907.7 -6.242
1842.000 907.4 -5.910
1843.000 906.8 -6.396
1844.000 906.2 -6.182
1845.000 905.7 -6.332
1846.000 904.9 -6.214
1847.000 904.3 -6.186
1848.000 903.3 -6.319
1849.000 902.8 -6.139
1850.000 902.0 -6.327
1851.000 901.4 -6.266
1852.000 900.5 -6.398
1853.000 899.6 -6.392
1854.000 898.9 -6.220
1855.000 898.1 -6.646
1856.000 897.5 -6.240
1857.000 896.5 -6.428
1858.000 895.7 -6.551
1859.000 895.0 -6.156
1860.000 894.4 -6.642
1861.000 893.5 -6.327
1862.000 892.6 -6.616
1863.000 891.8 -6.589
1864.000 891.0 -6.419
1865.000 890.1 -6.596
1866.000 889.4 -6.347
1867.000 888.4 -6.339
1868.000 887.3 -6.718
1869.000 886.2 -6.497
1870.000 885.6 -6.541
1871.000 884.9 -6.404
1872.000 883.8 -6.600
1873.000 883.0 -6.619
1874.000 882.1 -6.309
1875.000 881.0 -6.694
1876.000 880.2 -6.458
1877.000 879.1 -6.504
1878.000 878.2 -6.569
1879.000 877.2 -6.464
1880.000 876.3 -6.682
1881.000 875.2 -6.593
1882.000 874.1 -6.766
1883.000 873.2 -6.764
1884.000 872.4 -6.573
1885.000 871.2 -6.838
1886.000 870.2 -6.515
1887.000 869.2 -6.437
1888.000 868.3 -6.848
1889.000 867.2 -6.425
1890.000 866.2 -6.872
1891.000 865.2 -6.640
1892.000 864.5 -6.618
1893.000 863.2 -6.795
1894.000 862.3 -6.549
1895.000 861.2 -7.035
1896.000 860.2 -7.144
1897.000 859.3 -7.203
1898.000 858.3 -7.523
1899.000 857.2 -7.002
1900.000 856.3 -7.224
1901.000 855.3 -7.066
1902.000 854.4 -7.179
1903.000 853.1 -7.294
1904.000 852.5 -6.946
1905.000 851.4 -7.253
1906.000 850.5 -7.167
1907.000 849.4 -7.220
1908.000 848.5 -7.404
1909.000 847.5 -6.901
1910.000 846.7 -7.221
1911.000 845.8 -7.161
1912.000 844.9 -7.270
1913.000 843.9 -7.715
1914.000 843.1 -7.282
1915.000 842.0 -7.443
1916.000 841.0 -7.422
1917.000 840.0 -7.395
1918.000 839.0 -7.666
1919.000 838.2 -7.424
1920.000 837.1 -7.804
1921.000 836.1 -7.350
1922.000 835.5 -7.498
1923.000 834.4 -7.818
1924.000 833.6 -7.567
1925.000 832.8 -7.825
1926.000 832.0 -7.553
1927.000 831.0 -7.696
1928.000 830.2 -7.943
1929.000 829.2 -7.802
1930.000 828.4 -8.175
1931.000 827.5 -7.878
1932.000 826.7 -7.845
1933.000 825.9 -7.877
1934.000 825.1 -7.623
1935.000 824.2 -8.025
1936.000 823.5 -8.129
1937.000 822.5 -8.242
1938.000 821.9 -8.198
1939.000 821.2 -7.924
1940.000 820.5 -8.124
1941.000 819.8 -8.221
1942.000 819.2 -8.196
1943.000 818.4 -8.308
1944.000 817.7 -8.012
1945.000 817.0 -8.454
1946.000 816.1 -8.398
1947.000 815.3 -8.609
1948.000 814.5 -8.739
1949.000 813.4 -8.597
1950.000 812.8 -8.700
1951.000 812.1 -8.650
1952.000 811.8 -8.683
1953.000 811.5 -8.735
1954.000 810.8 -8.439
1955.000 810.2 -8.747
1956.000 809.4 -8.417
1957.000 808.8 -8.571
1958.000 808.2 -8.861
1959.000 807.4 -8.406
1960.000 806.7 -8.688
1961.000 806.2 -8.451
1962.000 805.7 -8.556
1963.000 805.3 -8.619
1964.000 804.9 -8.614
1965.000 804.4 -8.755
1966.000 803.8 -8.495
1967.000 803.6 -8.521
1968.000 803.4 -8.565
1969.000 802.7 -8.223
1970.000 802.5 -8.835
1971.000 802.0 -8.620
1972.000 801.9 -8.510
1973.000 801.6 -8.588
1974.000 801.5 -8.426
1975.000 801.0 -8.777
1976.000 800.8 -8.619
1977.000 800.6 -8.561
1978.000 800.0 -8.566
1979.000 799.7 -8.272
1980.000 799.5 -8.817
1981.000 799.3 -8.568
1982.000 799.1 -8.638
1983.000 798.9 -8.663
1984.000 798.9 -8.359
1985.000 798.8 -8.807
1986.000 798.8 -8.673
1987.000 798.8 -8.722
1988.000 798.6 -8.798
1989.000 798.6 -8.549
1990.000 798.3 -8.790
1991.000 798.2 -8.508
1992.000 798.1 -8.726
1993.000 798.2 -8.803
1994.000 798.2 -8.521
1995.000 798.2 -8.848
1996.000 798.2 -8.555
1997.000 798.2 -8.639
1998.000 798.3 -8.710
1999.000 798.3 -8.621
2000.000 798.4 -8.779
2001.000 798.5 -8.642
2002.000 798.6 -8.532
2003.000 799.0 -8.657
2004.000 799.1 -8.453
2005.000 799.3 -8.704
2006.000 799.5 -8.443
2007.000 799.8 -8.445
2008.000 800.2 -8.512
2009.000 800.5 -8.417
2010.000 800.6 -8.621
2011.000 800.9 -8.511
2012.000 801.2 -8.461
2013.000 801.6 -8.626
2014.000 802.0 -8.328
2015.000 802.3 -8.567
2016.000 802.5 -8.510
2017.000 802.6 -8.560
2018.000 803.2 -8.610
2019.000 803.7 -8.312
2020.000 804.2 -8.719
2021.000 804.7 -8.652
2022.000 805.2 -8.607
2023.000 805.6 -8.664
2024.000 806.1 -8.370
2025.000 806.5 -8.494
2026.000 806.9 -8.553
2027.000 807.8 -8.480
2028.000 808.6 -8.739
2029.000 809.4 -8.486
2030.000 809.8 -8.668
2031.000 810.6 -8.379
2032.000 811.0 -8.455
2033.000 811.5 -8.788
2034.000 811.9 -8.566
2035.000 812.7 -8.798
2036.000 813.4 -8.395
2037.000 814.1 -8.302
2038.000 814.5 -8.512
2039.000 815.3 -8.226
2040.000 816.4 -8.277
2041.000 817.2 -8.061
2042.000 817.8 -8.105
2043.000 818.7 -8.346
2044.000 819.5 -8.112
2045.000 820.1 -8.332
2046.000 820.7 -8.141
2047.000 821.7 -8.121
2048.000 822.4 -8.148
2049.000 823.0 -7.989
2050.000 823.9 -8.394
2051.000 824.7 -8.227
2052.000 825.5 -8.010
2053.000 826.2 -8.125
2054.000 826.9 -7.763
2055.000 827.7 -8.009
2056.000 828.6 -7.934
2057.000 829.4 -7.974
2058.000 830.2 -8.077
2059.000 831.0 -7.670
2060.000 831.9 -7.691
2061.000 832.9 -7.581
2062.000 833.8 -7.571
2063.000 834.8 -7.641
2064.000 835.4 -7.331
2065.000 836.2 -7.510
2066.000 837.0 -7.412
2067.000 838.2 -7.386
2068.000 839.0 -7.660
2069.000 839.9 -7.312
2070.000 840.9 -7.511
2071.000 842.0 -7.347
2072.000 842.9 -7.297
2073.000 843.9 -7.466
2074.000 844.7 -7.168
2075.000 845.7 -7.318
2076.000 846.8 -7.258
2077.000 847.7 -7.201
2078.000 848.6 -7.410
2079.000 849.3 -6.982
2080.000 850.1 -7.266
2081.000 851.2 -7.104
2082.000 852.1 -6.999
2083.000 853.0 -7.302
2084.000 854.0 -6.889
2085.000 855.0 -7.102
2086.000 856.1 -6.777
2087.000 856.8 -6.745
2088.000 857.9 -6.915
2089.000 858.9 -6.950
2090.000 859.8 -7.166
2091.000 860.9 -7.050
2092.000 861.6 -6.931
2093.000 862.8 -7.216
2094.000 863.6 -6.755
2095.000 864.8 -6.889
2096.000 865.5 -6.571
2097.000 866.3 -6.576
2098.000 867.3 -6.573
2099.000 868.3 -6.444
2100.000 869.2 -6.518
2101.000 870.2 -6.565
2102.000 870.9 -6.629
2103.000 872.3 -6.655
2104.000 873.0 -6.526
2105.000 874.0 -6.618
2106.000 874.8 -6.560
2107.000 875.9 -6.538
2108.000 876.9 -6.511
2109.000 877.7 -6.192
2110.000 878.5 -6.411
2111.000 879.4 -6.363
2112.000 880.1 -6.310
2113.000 881.2 -6.526
2114.000 881.9 -6.382
2115.000 883.0 -6.463
2116.000 883.8 -6.501
2117.000 884.9 -6.351
2118.000 885.5 -6.487
2119.000 886.4 -6.285
2120.000 886.9 -6.392
2121.000 888.1 -6.322
2122.000 888.9 -6.267
2123.000 889.8 -6.351
2124.000 890.6 -6.221
2125.000 891.5 -6.247
2126.000 892.0 -6.305
2127.000 892.9 -6.141
2128.000 893.6 -6.306
2129.000 894.4 -6.304
2130.000 894.9 -6.366
2131.000 895.9 -6.338
2132.000 896.4 -6.101
2133.000 897.1 -6.229
2134.000 897.8 -6.045
2135.000 898.8 -6.196
2136.000 899.3 -6.173
2137.000 899.9 -6.060
2138.000 900.7 -6.484
2139.000 901.4 -6.238
2140.000 901.8 -6.313
2141.000 902.4 -6.302
2142.000 902.9 -6.224
2143.000 903.6 -6.253
2144.000 904.3 -6.030
2145.000 904.7 -6.046
2146.000 905.4 -6.115
2147.000 905.8 -6.139
2148.000 906.5 -6.334
2149.000 906.7 -5.879
2150.000 907.3 -5.780
2151.000 907.8 -5.636
2152.000 908.3 -5.648
2153.000 908.8 -5.725
2154.000 909.3 -5.630
2155.000 909.7 -5.718
2156.000 910.2 -5.665
2157.000 910.4 -5.652
2158.000 910.7 -5.838
2159.000 911.2 -5.752
2160.000 911.5 -5.774
2161.000 911.8 -5.754
2162.000 912.1 -5.664
2163.000 912.5 -5.815
2164.000 912.7 -5.668
2165.000 913.0 -5.846
2166.000 913.5 -5.702
2167.000 913.5 -5.693
2168.000 913.6 -5.709
2169.000 914.1 -5.715
2170.000 914.2 -5.817
2171.000 914.6 -5.774
2172.000 914.6 -5.725
2173.000 914.7 -5.790
2174.000 915.0 -5.689
2175.000 915.1 -5.860
2176.000 915.2 -5.813
2177.000 915.4 -5.698
2178.000 915.3 -5.745
2179.000 915.5 -5.557
2180.000 915.4 -5.728
2181.000 915.5 -5.713
2182.000 915.5 -5.718
2183.000 915.6 -5.764
2184.000 915.6 -5.566
2185.000 915.9 -5.796
2186.000 915.9 -5.789
2187.000 915.9 -5.715
2188.000 915.8 -5.738
2189.000 915.9 -5.650
2190.000 915.8 -5.722
2191.000 915.6 -5.697
2192.000 915.6 -5.717
2193.000 915.5 -5.799
2194.000 915.2 -5.659
2195.000 915.0 -5.709
2196.000 914.8 -5.677
2197.000 914.7 -5.687
2198.000 914.5 -5.916
2199.000 914.1 -5.868
2200.000 914.0 -5.813
2201.000 913.7 -5.696
2202.000 913.7 -5.686
2203.000 913.3 -5.751
2204.000 913.0 -5.706
2205.000 912.5 -5.725
2206.000 912.1 -5.688
2207.000 911.8 -5.636
2208.000 911.6 -5.852
2209.000 911.4 -5.753
2210.000 910.9 -5.787
2211.000 910.6 -5.771
2212.000 910.2 -5.554
2213.000 909.8 -5.721
2214.000 909.4 -5.630
2215.000 909.0 -5.646
2216.000 908.5 -5.684
2217.000 907.8 -5.618
2218.000 907.5 -5.755
2219.000 907.0 -5.695
2220.000 906.6 -5.845
2221.000 906.2 -5.791
2222.000 905.6 -5.718
2223.000 905.1 -5.705
2224.000 904.6 -5.481
2225.000 904.0 -5.670
2226.000 903.4 -5.701
2227.000 902.8 -5.702
2228.000 902.3 -5.829
