 Masse A  
t x y 
0.000 853.7 -9.410
1.000 856.1 -9.716
2.000 858.4 -9.311
3.000 860.8 -9.432
4.000 863.1 -9.352
5.000 865.6 -9.181
6.000 868.0 -9.449
7.000 870.1 -8.921
8.000 872.4 -9.351
9.000 875.0 -9.240
10.000 877.1 -8.729
11.000 879.3 -9.093
12.000 881.8 -8.541
13.000 883.7 -8.826
14.000 886.2 -8.618
15.000 888.2 -8.181
16.000 890.2 -8.632
17.000 892.1 -8.196
18.000 894.4 -8.330
19.000 896.2 -8.340
20.000 898.8 -8.025
21.000 900.4 -8.469
22.000 902.5 -8.090
23.000 904.0 -8.306
24.000 906.0 -8.294
25.000 907.6 -7.901
26.000 909.8 -8.055
27.000 911.3 -7.820
28.000 912.9 -7.980
29.000 914.4 -8.207
30.000 916.2 -7.957
31.000 917.8 -8.398
32.000 919.3 -7.958
33.000 920.8 -8.197
34.000 922.1 -8.152
35.000 923.6 -7.822
36.000 925.2 -8.112
37.000 926.5 -7.782
38.000 928.2 -7.677
39.000 929.6 -7.928
40.000 930.5 -7.723
41.000 931.7 -8.089
42.000 933.0 -7.756
43.000 933.8 -7.613
44.000 935.0 -7.595
45.000 936.0 -7.250
46.000 937.0 -7.925
47.000 937.7 -7.867
48.000 938.5 -7.773
49.000 939.6 -7.875
50.000 940.3 -7.527
51.000 941.3 -7.870
52.000 942.1 -7.359
53.000 942.5 -7.664
54.000 943.4 -7.632
55.000 943.8 -7.384
56.000 944.5 -7.691
57.000 945.1 -7.347
58.000 945.2 -7.492
59.000 945.4 -7.689
60.000 946.0 -7.394
61.000 946.0 -7.859
62.000 946.4 -7.416
63.000 946.6 -7.493
64.000 946.8 -7.670
65.000 946.8 -7.354
66.000 946.8 -7.773
67.000 946.7 -7.252
68.000 946.6 -7.597
69.000 946.3 -7.573
70.000 946.0 -7.346
71.000 946.0 -7.848
72.000 945.5 -7.533
73.000 945.2 -7.592
74.000 944.5 -7.594
75.000 944.2 -7.308
76.000 943.7 -7.880
77.000 943.3 -7.433
78.000 942.5 -7.553
79.000 942.1 -7.614
80.000 941.0 -7.400
81.000 940.5 -8.007
82.000 939.5 -7.700
83.000 938.6 -7.937
84.000 937.8 -8.156
85.000 936.7 -7.829
86.000 935.8 -8.206
87.000 934.4 -7.871
88.000 933.3 -8.299
89.000 932.2 -8.370
90.000 931.0 -7.758
91.000 929.8 -8.051
92.000 928.4 -7.823
93.000 927.3 -7.954
94.000 926.0 -8.046
95.000 924.3 -8.077
96.000 922.8 -8.421
97.000 921.2 -8.048
98.000 919.7 -8.363
99.000 918.1 -8.191
100.000 916.0 -7.971
101.000 914.6 -8.357
102.000 912.6 -7.951
103.000 911.2 -8.214
104.000 909.5 -8.318
105.000 907.2 -8.158
106.000 905.4 -8.430
107.000 903.5 -7.916
108.000 901.2 -8.016
109.000 899.4 -8.233
110.000 896.7 -8.143
111.000 894.9 -8.549
112.000 892.2 -8.198
113.000 890.0 -8.381
114.000 887.5 -8.324
115.000 885.1 -8.224
116.000 882.4 -8.583
117.000 880.1 -8.523
118.000 877.5 -8.474
119.000 875.3 -8.508
120.000 872.4 -8.273
121.000 869.9 -9.061
122.000 867.0 -8.837
123.000 864.1 -8.844
124.000 861.6 -8.990
125.000 858.9 -8.824
126.000 856.0 -9.301
127.000 853.1 -9.233
128.000 850.4 -9.713
129.000 847.7 -9.561
130.000 844.6 -9.240
131.000 841.5 -9.885
132.000 838.9 -9.465
133.000 835.7 -9.878
134.000 832.8 -9.937
135.000 829.5 -10.05
136.000 826.6 -10.35
137.000 823.6 -10.09
138.000 820.4 -10.50
139.000 817.0 -10.53
140.000 813.8 -10.07
141.000 810.5 -11.14
142.000 806.0 -10.73
143.000 802.9 -11.04
144.000 799.2 -11.32
145.000 796.5 -10.97
146.000 793.0 -11.31
147.000 789.6 -11.23
148.000 786.1 -11.37
149.000 782.5 -11.51
150.000 779.3 -11.29
151.000 776.1 -11.56
152.000 772.6 -11.34
153.000 769.0 -11.66
154.000 765.5 -11.73
155.000 762.0 -11.45
156.000 758.5 -11.73
157.000 755.1 -11.53
158.000 751.5 -11.95
159.000 748.0 -12.25
160.000 744.4 -12.15
161.000 741.0 -12.26
162.000 737.4 -12.24
163.000 734.0 -12.63
164.000 730.5 -12.60
165.000 727.0 -12.36
166.000 723.3 -12.86
167.000 719.8 -12.59
168.000 716.4 -12.94
169.000 713.1 -13.29
170.000 709.4 -13.24
171.000 706.2 -13.76
172.000 702.5 -13.38
173.000 698.9 -13.41
174.000 695.2 -13.57
175.000 691.7 -13.33
176.000 688.4 -14.24
177.000 685.1 -13.85
178.000 681.5 -14.17
179.000 678.1 -14.26
180.000 674.6 -14.23
181.000 671.1 -14.39
182.000 667.7 -14.26
183.000 664.2 -14.66
184.000 661.1 -14.53
185.000 657.5 -14.55
186.000 654.4 -14.85
187.000 650.9 -14.51
188.000 647.8 -14.68
189.000 644.7 -14.82
190.000 641.2 -14.49
191.000 638.2 -15.17
192.000 634.9 -15.09
193.000 631.5 -15.17
194.000 628.2 -15.53
195.000 625.2 -14.98
196.000 621.9 -15.19
197.000 618.8 -15.20
198.000 615.8 -15.33
199.000 612.7 -15.69
200.000 609.6 -15.38
201.000 606.7 -15.77
202.000 603.8 -15.51
203.000 600.8 -15.55
204.000 597.8 -15.60
205.000 594.9 -15.49
206.000 592.1 -15.73
207.000 589.3 -15.53
208.000 586.5 -15.74
209.000 583.9 -16.08
210.000 580.9 -15.98
211.000 578.2 -16.49
212.000 575.8 -16.28
213.000 573.0 -16.14
214.000 570.3 -16.63
215.000 567.9 -16.15
216.000 565.2 -16.44
217.000 563.3 -16.21
218.000 560.6 -16.34
219.000 558.3 -16.46
220.000 556.0 -16.23
221.000 553.7 -16.91
222.000 551.3 -16.94
223.000 548.9 -16.80
224.000 546.8 -17.01
225.000 544.5 -16.86
226.000 542.5 -17.10
227.000 540.8 -17.22
228.000 538.5 -17.11
229.000 536.8 -17.40
230.000 534.8 -17.15
231.000 532.9 -17.45
232.000 530.6 -17.22
233.000 528.9 -17.33
234.000 527.3 -17.64
235.000 526.1 -17.15
236.000 524.3 -17.67
237.000 522.8 -17.19
238.000 521.1 -17.44
239.000 519.4 -17.71
240.000 518.0 -17.24
241.000 516.7 -17.69
242.000 514.9 -17.29
243.000 513.8 -17.71
244.000 512.5 -17.71
245.000 511.3 -17.37
246.000 510.2 -18.04
247.000 509.4 -17.94
248.000 508.2 -18.08
249.000 507.2 -18.30
250.000 506.1 -17.81
251.000 505.3 -18.11
252.000 504.5 -18.11
253.000 503.6 -18.08
254.000 502.5 -18.38
255.000 501.8 -17.77
256.000 501.4 -18.07
257.000 500.8 -17.78
258.000 500.3 -17.68
259.000 500.2 -17.93
260.000 499.2 -17.77
261.000 498.9 -18.06
262.000 498.5 -18.08
263.000 498.3 -18.07
264.000 498.1 -18.26
265.000 497.8 -17.93
266.000 497.6 -18.32
267.000 497.7 -18.11
268.000 497.6 -18.17
269.000 497.5 -18.25
270.000 497.7 -18.09
271.000 497.6 -18.38
272.000 497.9 -18.07
273.000 498.0 -18.15
274.000 498.2 -18.23
275.000 498.5 -17.90
276.000 499.1 -17.97
277.000 499.5 -17.95
278.000 500.0 -17.81
279.000 500.5 -17.92
280.000 501.0 -17.73
281.000 501.5 -18.11
282.000 502.3 -18.04
283.000 503.1 -18.00
284.000 503.8 -18.34
285.000 504.6 -17.89
286.000 505.4 -17.93
287.000 506.4 -17.97
288.000 507.5 -17.87
289.000 508.5 -18.13
290.000 509.4 -17.77
291.000 510.3 -17.89
292.000 511.7 -17.51
293.000 512.9 -17.37
294.000 514.2 -17.67
295.000 515.4 -17.20
296.000 517.1 -17.61
297.000 518.1 -17.22
298.000 519.4 -17.36
299.000 521.1 -17.51
300.000 522.6 -17.18
301.000 524.2 -17.79
302.000 525.8 -17.23
303.000 527.4 -17.25
304.000 528.8 -17.44
305.000 530.4 -17.06
306.000 532.7 -17.39
307.000 534.2 -17.40
308.000 536.0 -16.90
309.000 538.0 -17.04
310.000 539.7 -17.08
311.000 541.6 -17.49
312.000 543.7 -17.00
313.000 545.7 -16.75
314.000 547.7 -16.89
315.000 549.9 -16.34
316.000 551.9 -16.55
317.000 554.0 -16.44
318.000 556.4 -16.26
319.000 558.6 -16.47
320.000 560.9 -16.19
321.000 563.3 -16.47
322.000 565.8 -16.33
323.000 567.8 -16.17
324.000 570.1 -16.56
325.000 572.6 -15.97
326.000 575.4 -16.36
327.000 577.5 -16.39
328.000 580.3 -15.85
329.000 582.7 -16.09
330.000 585.3 -15.68
331.000 588.1 -15.99
332.000 590.1 -15.59
333.000 593.0 -15.48
334.000 595.5 -15.84
335.000 598.3 -15.34
336.000 601.1 -15.61
337.000 603.8 -15.53
338.000 606.4 -15.55
339.000 609.5 -15.53
340.000 612.2 -15.16
341.000 615.2 -15.53
342.000 618.0 -14.98
343.000 620.7 -15.04
344.000 623.5 -15.27
345.000 626.4 -15.09
346.000 629.4 -15.43
347.000 632.1 -15.15
348.000 635.3 -15.13
349.000 638.4 -15.27
350.000 641.3 -14.82
351.000 644.4 -14.91
352.000 647.2 -14.72
353.000 650.1 -14.50
354.000 652.8 -14.65
355.000 655.9 -14.37
356.000 658.8 -14.54
357.000 661.8 -14.38
358.000 664.9 -14.33
359.000 668.1 -14.31
360.000 670.8 -14.13
361.000 673.7 -14.53
362.000 676.9 -14.26
363.000 680.0 -14.21
364.000 682.9 -14.33
365.000 685.7 -13.73
366.000 689.0 -14.03
367.000 691.8 -13.61
368.000 694.9 -13.40
369.000 697.9 -13.52
370.000 700.9 -13.21
371.000 704.1 -13.30
372.000 706.9 -13.40
373.000 709.8 -13.21
374.000 712.8 -13.36
375.000 715.6 -12.87
376.000 718.7 -12.85
377.000 721.6 -12.45
378.000 724.5 -12.56
379.000 727.6 -12.75
380.000 730.6 -12.28
381.000 733.5 -12.51
382.000 736.5 -12.15
383.000 739.6 -12.10
384.000 742.1 -12.21
385.000 744.7 -12.23
386.000 747.7 -12.31
387.000 750.4 -12.09
388.000 753.4 -11.79
389.000 756.0 -11.72
390.000 758.6 -11.34
391.000 761.3 -11.81
392.000 764.3 -11.69
393.000 767.1 -11.26
394.000 769.6 -11.70
395.000 772.2 -11.12
396.000 774.8 -11.30
397.000 777.3 -11.41
398.000 780.1 -11.20
399.000 782.1 -11.60
400.000 784.7 -11.00
401.000 787.2 -11.40
402.000 789.6 -11.25
403.000 791.8 -10.84
404.000 794.4 -11.11
405.000 796.6 -10.83
406.000 798.9 -11.04
407.000 801.2 -10.93
408.000 803.2 -11.11
409.000 805.7 -11.12
410.000 807.8 -10.81
411.000 810.8 -10.85
412.000 813.2 -10.08
413.000 815.2 -10.23
414.000 817.0 -10.62
415.000 819.2 -10.06
416.000 821.0 -10.28
417.000 822.7 -10.25
418.000 824.6 -10.02
419.000 826.5 -10.29
420.000 828.2 -9.909
421.000 830.0 -10.03
422.000 831.8 -10.16
423.000 833.2 -9.832
424.000 834.9 -9.972
425.000 836.0 -9.621
426.000 837.6 -9.753
427.000 839.1 -9.565
428.000 840.5 -9.508
429.000 841.7 -9.665
430.000 843.1 -9.382
431.000 844.3 -9.670
432.000 845.9 -9.419
433.000 847.2 -9.214
434.000 848.1 -9.372
435.000 849.1 -9.218
436.000 850.1 -9.314
437.000 851.0 -9.347
438.000 852.1 -9.355
439.000 852.7 -9.570
440.000 853.7 -9.327
441.000 854.4 -9.459
442.000 855.6 -9.388
443.000 856.2 -8.980
444.000 857.0 -9.425
445.000 857.4 -8.902
446.000 858.0 -8.975
447.000 858.4 -9.142
448.000 859.0 -8.929
449.000 859.2 -9.326
450.000 859.4 -9.011
451.000 860.0 -9.369
452.000 860.0 -9.210
453.000 860.5 -9.086
454.000 860.6 -9.286
455.000 860.7 -8.903
456.000 860.9 -8.977
457.000 860.7 -9.167
458.000 860.8 -9.076
459.000 860.7 -9.289
460.000 860.6 -9.124
461.000 860.3 -9.292
462.000 860.1 -9.156
463.000 859.7 -9.137
464.000 859.2 -9.474
465.000 859.0 -9.016
466.000 858.4 -9.188
467.000 858.0 -9.190
468.000 857.5 -9.096
469.000 857.0 -9.502
470.000 856.4 -9.127
471.000 855.8 -9.535
472.000 854.7 -9.463
473.000 854.0 -9.331
474.000 853.1 -9.639
475.000 852.2 -9.272
476.000 851.4 -9.723
477.000 850.5 -9.540
478.000 849.6 -9.109
479.000 848.6 -9.641
480.000 847.6 -9.302
481.000 846.3 -9.541
482.000 845.0 -9.488
483.000 843.8 -9.375
484.000 842.4 -9.970
485.000 841.2 -9.703
486.000 839.7 -9.844
487.000 838.3 -9.745
488.000 836.9 -9.578
489.000 835.6 -9.951
490.000 834.0 -9.858
491.000 832.3 -9.846
492.000 830.6 -9.885
493.000 828.9 -9.558
494.000 827.0 -10.03
495.000 825.3 -9.884
496.000 823.9 -9.805
497.000 821.9 -9.790
498.000 820.0 -9.658
499.000 818.0 -10.39
500.000 815.9 -10.12
501.000 813.9 -10.56
502.000 812.2 -10.52
503.000 809.3 -10.46
504.000 806.8 -11.01
505.000 804.7 -10.93
506.000 802.3 -11.43
507.000 800.1 -11.29
508.000 798.0 -10.99
509.000 795.6 -11.31
510.000 793.3 -11.05
511.000 791.1 -11.28
512.000 788.6 -11.37
513.000 786.4 -11.18
514.000 783.9 -11.49
515.000 781.4 -11.15
516.000 778.8 -11.48
517.000 776.5 -11.47
518.000 774.0 -11.19
519.000 771.3 -11.65
520.000 768.9 -11.27
521.000 766.2 -11.58
522.000 763.3 -11.76
523.000 760.9 -11.62
524.000 758.0 -11.65
525.000 755.5 -11.29
526.000 752.8 -11.83
527.000 750.0 -11.84
528.000 747.3 -11.94
529.000 744.5 -12.56
530.000 742.0 -11.91
531.000 739.2 -12.28
532.000 736.2 -12.26
533.000 733.5 -12.45
534.000 730.7 -12.95
535.000 727.6 -12.68
536.000 724.6 -12.60
537.000 722.0 -12.46
538.000 719.1 -12.42
539.000 716.0 -13.03
540.000 713.3 -13.15
541.000 710.4 -13.30
542.000 707.6 -13.33
543.000 705.0 -12.96
544.000 701.7 -13.67
545.000 698.9 -13.39
546.000 695.7 -13.60
547.000 692.8 -13.58
548.000 689.8 -13.31
549.000 686.8 -13.84
550.000 684.0 -13.66
551.000 681.2 -14.30
552.000 678.4 -14.35
553.000 675.6 -14.05
554.000 672.4 -14.49
555.000 669.6 -14.11
556.000 666.8 -14.42
557.000 663.7 -14.69
558.000 660.9 -14.23
559.000 657.8 -14.82
560.000 655.3 -14.34
561.000 652.3 -14.69
562.000 649.4 -14.79
563.000 646.7 -14.49
564.000 643.7 -14.83
565.000 640.8 -14.34
566.000 638.0 -14.58
567.000 635.2 -15.12
568.000 632.4 -15.05
569.000 629.8 -15.62
570.000 626.9 -15.08
571.000 623.9 -15.12
572.000 621.3 -15.04
573.000 618.8 -15.11
574.000 615.8 -15.65
575.000 613.3 -15.29
576.000 610.6 -15.41
577.000 608.0 -15.38
578.000 605.2 -15.44
579.000 602.7 -15.92
580.000 600.1 -15.56
581.000 597.5 -15.80
582.000 594.9 -15.70
583.000 592.5 -15.28
584.000 589.8 -15.77
585.000 587.7 -15.57
586.000 584.9 -15.75
587.000 582.5 -15.99
588.000 580.1 -15.68
589.000 577.7 -16.22
590.000 575.6 -16.10
591.000 573.2 -16.34
592.000 570.8 -16.42
593.000 568.4 -16.15
594.000 566.4 -16.39
595.000 564.5 -16.22
596.000 562.3 -16.55
597.000 560.2 -16.50
598.000 558.4 -16.22
599.000 556.3 -16.52
600.000 554.3 -16.41
601.000 552.2 -16.58
602.000 550.4 -16.80
603.000 548.2 -16.45
604.000 546.2 -16.75
605.000 544.2 -16.53
606.000 542.5 -16.59
607.000 541.1 -16.96
608.000 539.0 -16.73
609.000 537.5 -17.23
610.000 535.8 -16.80
611.000 534.3 -17.00
612.000 532.9 -17.31
613.000 531.1 -17.04
614.000 529.4 -17.64
615.000 528.3 -17.28
616.000 527.0 -17.17
617.000 525.6 -17.43
618.000 524.4 -17.18
619.000 523.1 -17.63
620.000 521.8 -17.19
621.000 520.5 -17.39
622.000 519.4 -17.48
623.000 518.3 -17.22
624.000 517.2 -17.82
625.000 516.3 -17.25
626.000 515.1 -17.32
627.000 514.0 -17.47
628.000 513.1 -17.26
629.000 512.1 -17.61
630.000 511.4 -17.42
631.000 510.6 -17.67
632.000 509.9 -17.81
633.000 509.4 -17.31
634.000 508.7 -17.81
635.000 508.2 -17.27
636.000 507.3 -17.56
637.000 506.9 -17.78
638.000 506.6 -17.44
639.000 506.2 -17.68
640.000 505.9 -17.38
641.000 505.4 -17.80
642.000 505.2 -17.65
643.000 505.0 -17.45
644.000 504.8 -17.87
645.000 504.8 -17.30
646.000 504.7 -17.47
647.000 504.6 -17.85
648.000 504.8 -17.42
649.000 504.6 -17.84
650.000 504.8 -17.60
651.000 505.0 -17.50
652.000 505.0 -17.62
653.000 505.5 -17.42
654.000 505.8 -17.91
655.000 506.0 -17.80
656.000 506.3 -17.62
657.000 506.9 -17.60
658.000 507.5 -17.28
659.000 507.8 -17.80
660.000 508.4 -17.59
661.000 508.8 -17.56
662.000 509.4 -17.80
663.000 510.1 -17.09
664.000 510.7 -17.64
665.000 511.7 -17.42
666.000 512.6 -17.43
667.000 513.6 -17.68
668.000 514.5 -17.09
669.000 515.5 -17.54
670.000 516.6 -17.34
671.000 517.7 -17.44
672.000 518.6 -17.68
673.000 519.7 -17.16
674.000 521.1 -17.30
675.000 522.0 -17.20
676.000 523.3 -17.27
677.000 524.8 -17.57
678.000 526.1 -17.07
679.000 527.1 -17.35
680.000 528.4 -17.14
681.000 530.0 -17.17
682.000 531.6 -17.33
683.000 533.3 -17.26
684.000 534.8 -17.37
685.000 536.2 -16.74
686.000 537.8 -16.79
687.000 539.4 -17.00
688.000 541.4 -16.97
689.000 542.8 -17.23
690.000 544.6 -16.80
691.000 546.5 -16.59
692.000 548.1 -16.55
693.000 550.1 -16.27
694.000 551.8 -16.72
695.000 554.0 -16.37
696.000 556.1 -16.24
697.000 557.9 -16.32
698.000 560.0 -16.18
699.000 562.1 -16.48
700.000 564.3 -16.35
701.000 566.4 -16.35
702.000 568.5 -16.37
703.000 570.8 -16.14
704.000 573.0 -16.25
705.000 575.3 -16.20
706.000 577.4 -16.37
707.000 579.9 -16.18
708.000 582.0 -15.93
709.000 584.4 -16.09
710.000 587.0 -15.93
711.000 589.0 -15.90
712.000 591.5 -15.78
713.000 594.1 -15.40
714.000 596.6 -15.57
715.000 598.8 -15.42
716.000 601.4 -15.49
717.000 604.3 -15.62
718.000 606.9 -15.37
719.000 609.5 -15.58
720.000 612.0 -15.10
721.000 614.5 -15.23
722.000 617.1 -15.26
723.000 619.5 -14.89
724.000 622.3 -15.10
725.000 625.1 -15.03
726.000 627.6 -15.28
727.000 630.4 -15.24
728.000 633.3 -15.11
729.000 636.0 -15.22
730.000 638.7 -14.85
731.000 641.3 -14.65
732.000 644.2 -14.63
733.000 646.7 -14.29
734.000 649.2 -14.83
735.000 652.4 -14.38
736.000 655.3 -14.61
737.000 658.1 -14.54
738.000 660.7 -14.17
739.000 663.4 -14.57
740.000 666.4 -14.15
741.000 669.1 -14.13
742.000 671.9 -14.28
743.000 674.4 -14.17
744.000 677.6 -14.37
745.000 680.4 -14.18
746.000 683.2 -14.12
747.000 686.0 -14.13
748.000 688.5 -13.87
749.000 691.2 -13.53
750.000 693.9 -13.32
751.000 696.7 -13.12
752.000 699.5 -13.62
753.000 702.4 -13.31
754.000 705.3 -13.43
755.000 708.0 -13.11
756.000 710.5 -13.12
757.000 713.5 -13.42
758.000 715.9 -12.79
759.000 718.7 -12.85
760.000 721.3 -12.46
761.000 724.0 -12.51
762.000 726.6 -12.60
763.000 729.3 -12.56
764.000 732.1 -12.52
765.000 734.8 -12.13
766.000 737.2 -12.22
767.000 739.8 -12.24
768.000 742.4 -12.05
769.000 745.0 -12.46
770.000 747.7 -12.10
771.000 750.1 -12.04
772.000 752.7 -11.94
773.000 755.0 -11.77
774.000 757.3 -11.69
775.000 760.1 -11.65
776.000 762.2 -11.64
777.000 764.9 -11.63
778.000 767.3 -11.21
779.000 769.8 -11.64
780.000 772.0 -11.20
781.000 774.0 -11.25
782.000 776.4 -11.40
783.000 778.6 -11.31
784.000 780.9 -11.38
785.000 782.9 -11.30
786.000 785.3 -11.16
787.000 787.4 -11.25
788.000 789.7 -11.11
789.000 791.3 -11.18
790.000 793.5 -11.13
791.000 795.4 -11.17
792.000 797.7 -11.27
793.000 799.1 -11.01
794.000 801.1 -11.00
795.000 802.9 -11.02
796.000 804.8 -10.78
797.000 806.4 -10.81
798.000 808.3 -10.59
799.000 810.9 -10.58
800.000 812.7 -10.34
801.000 814.2 -10.21
802.000 815.7 -10.47
803.000 817.3 -10.50
804.000 819.4 -10.35
805.000 820.7 -10.30
806.000 822.0 -10.10
807.000 823.5 -10.26
808.000 824.9 -10.11
809.000 826.0 -10.07
810.000 827.3 -10.24
811.000 828.6 -10.10
812.000 830.0 -10.13
813.000 830.8 -9.951
814.000 832.0 -10.05
815.000 833.0 -10.07
816.000 834.2 -10.05
817.000 835.2 -10.07
818.000 836.3 -9.958
819.000 836.9 -10.04
820.000 837.7 -10.04
821.000 838.3 -9.949
822.000 839.4 -10.13
823.000 839.8 -9.588
824.000 840.5 -9.723
825.000 841.0 -9.491
826.000 841.6 -9.476
827.000 842.0 -9.568
828.000 842.5 -9.355
829.000 843.0 -9.458
830.000 843.4 -9.553
831.000 844.0 -9.422
832.000 844.1 -9.684
833.000 844.2 -9.416
834.000 844.7 -9.383
835.000 844.7 -9.369
836.000 845.0 -9.317
837.000 845.0 -9.603
838.000 845.0 -9.217
839.000 844.9 -9.345
840.000 844.8 -9.441
841.000 844.8 -9.349
842.000 844.6 -9.443
843.000 844.4 -9.388
844.000 844.3 -9.566
845.000 844.1 -9.399
846.000 843.6 -9.247
847.000 843.3 -9.661
848.000 842.8 -9.365
849.000 842.2 -9.508
850.000 841.9 -9.495
851.000 841.1 -9.417
852.000 840.4 -9.578
853.000 840.0 -9.475
854.000 839.2 -9.622
855.000 838.5 -9.605
856.000 837.5 -9.516
857.000 837.0 -9.520
858.000 836.2 -9.533
859.000 835.3 -9.849
860.000 834.4 -9.764
861.000 833.5 -9.699
862.000 832.3 -9.831
863.000 831.4 -9.608
864.000 830.4 -9.978
865.000 829.1 -10.05
866.000 827.7 -10.12
867.000 826.7 -10.22
868.000 825.3 -10.12
869.000 824.3 -10.20
870.000 822.8 -10.12
871.000 821.3 -10.16
872.000 819.9 -10.55
873.000 818.3 -10.36
874.000 816.7 -10.35
875.000 815.2 -10.32
876.000 813.6 -10.18
877.000 812.2 -10.75
878.000 809.9 -10.73
879.000 807.5 -10.73
880.000 805.7 -10.60
881.000 804.0 -10.44
882.000 802.2 -10.85
883.000 800.3 -10.83
884.000 798.6 -10.81
885.000 796.8 -10.79
886.000 794.7 -10.72
887.000 792.7 -10.76
888.000 790.7 -10.61
889.000 788.7 -10.88
890.000 786.7 -10.92
891.000 784.6 -11.09
892.000 782.2 -11.40
893.000 780.3 -11.32
894.000 778.4 -11.41
895.000 776.0 -11.29
896.000 773.8 -11.23
897.000 771.7 -11.34
898.000 769.2 -11.29
899.000 766.9 -11.53
900.000 764.4 -11.74
901.000 762.1 -11.51
902.000 759.9 -11.62
903.000 757.4 -11.27
904.000 755.3 -11.74
905.000 752.9 -11.61
906.000 750.6 -11.61
907.000 747.9 -12.03
908.000 745.4 -12.15
909.000 743.1 -12.11
910.000 740.4 -12.22
911.000 738.1 -12.21
912.000 735.5 -12.45
913.000 732.9 -12.35
914.000 730.5 -12.53
915.000 727.9 -12.48
916.000 725.0 -12.51
917.000 722.6 -12.66
918.000 720.0 -12.58
919.000 717.5 -12.66
920.000 715.0 -12.69
921.000 712.2 -12.78
922.000 709.9 -13.02
923.000 707.2 -13.26
924.000 704.5 -13.29
925.000 701.9 -13.49
926.000 699.2 -13.34
927.000 696.8 -13.20
928.000 693.9 -13.43
929.000 691.1 -13.47
930.000 688.5 -13.94
931.000 685.8 -13.68
932.000 683.4 -13.94
933.000 680.8 -14.07
934.000 678.1 -14.15
935.000 675.4 -14.45
936.000 672.8 -14.14
937.000 670.2 -14.17
938.000 667.9 -14.11
939.000 665.1 -14.39
940.000 662.5 -14.37
941.000 660.1 -14.43
942.000 657.0 -14.56
943.000 654.8 -14.26
944.000 652.0 -14.31
945.000 649.1 -14.63
946.000 646.9 -14.45
947.000 644.3 -14.66
948.000 641.9 -14.50
949.000 639.3 -14.43
950.000 636.9 -14.69
951.000 634.4 -14.85
952.000 631.8 -14.90
953.000 629.3 -14.92
954.000 627.1 -15.12
955.000 624.4 -15.10
956.000 622.1 -14.99
957.000 619.7 -15.11
958.000 617.2 -15.10
959.000 615.1 -15.19
960.000 612.5 -15.33
961.000 610.3 -15.35
962.000 608.0 -15.36
963.000 605.7 -15.56
964.000 603.5 -15.54
965.000 601.1 -15.51
966.000 598.7 -15.46
967.000 596.8 -15.56
968.000 594.6 -15.51
969.000 592.7 -15.49
970.000 590.1 -15.54
971.000 588.3 -15.56
972.000 586.1 -15.46
973.000 584.0 -15.67
974.000 581.9 -15.69
975.000 580.0 -15.75
976.000 577.8 -15.84
977.000 576.0 -15.82
978.000 574.1 -15.69
979.000 572.2 -15.87
980.000 570.6 -16.21
981.000 568.6 -16.25
982.000 567.2 -16.25
983.000 565.3 -16.33
984.000 563.9 -16.28
985.000 562.1 -16.41
986.000 560.2 -16.38
987.000 558.9 -16.30
988.000 557.2 -16.29
989.000 555.7 -16.27
990.000 554.1 -16.48
991.000 552.7 -16.47
992.000 551.3 -16.61
993.000 550.2 -16.41
994.000 548.4 -16.49
995.000 547.4 -16.55
996.000 546.1 -16.40
997.000 544.6 -16.70
998.000 543.3 -16.91
999.000 542.4 -16.68
1000.000 541.2 -16.65
1001.000 540.1 -16.54
1002.000 538.8 -16.63
1003.000 537.9 -16.67
1004.000 536.9 -16.62
1005.000 535.9 -16.70
1006.000 534.9 -16.59
1007.000 534.5 -16.91
1008.000 533.8 -17.23
1009.000 533.2 -17.19
1010.000 532.0 -17.23
1011.000 531.3 -17.14
1012.000 530.7 -17.17
1013.000 530.2 -17.29
1014.000 529.5 -17.23
1015.000 529.0 -17.41
1016.000 528.4 -17.27
1017.000 528.1 -17.12
1018.000 527.4 -17.21
1019.000 527.2 -17.29
1020.000 527.2 -17.25
1021.000 526.7 -17.26
1022.000 526.6 -17.27
1023.000 526.5 -17.20
1024.000 526.1 -17.17
1025.000 525.9 -17.32
1026.000 525.9 -17.26
1027.000 525.8 -17.28
1028.000 525.7 -17.30
1029.000 525.9 -17.18
1030.000 525.9 -17.25
1031.000 525.9 -17.25
1032.000 526.2 -17.25
1033.000 526.2 -17.21
1034.000 526.9 -17.18
1035.000 527.0 -17.18
1036.000 527.1 -17.13
1037.000 527.4 -17.29
1038.000 527.8 -17.22
1039.000 528.3 -17.30
1040.000 528.9 -17.23
1041.000 529.4 -17.18
1042.000 530.2 -17.18
1043.000 530.5 -17.26
1044.000 531.5 -17.22
1045.000 532.2 -17.26
1046.000 533.3 -17.29
1047.000 533.9 -17.20
1048.000 534.7 -17.25
1049.000 535.3 -17.12
1050.000 536.4 -17.20
1051.000 537.4 -17.09
1052.000 538.5 -17.07
1053.000 539.3 -17.09
1054.000 540.5 -17.13
1055.000 541.4 -17.29
1056.000 542.5 -16.95
1057.000 543.7 -17.05
1058.000 544.7 -16.85
1059.000 546.0 -16.49
1060.000 547.1 -16.54
1061.000 548.1 -16.55
1062.000 549.8 -16.36
1063.000 551.0 -16.45
1064.000 552.5 -16.24
1065.000 554.0 -16.48
1066.000 555.5 -16.34
1067.000 557.0 -16.37
1068.000 558.5 -16.32
1069.000 560.0 -16.20
1070.000 561.8 -16.29
1071.000 563.6 -16.33
1072.000 565.1 -16.33
1073.000 566.6 -16.35
1074.000 568.4 -16.32
1075.000 570.3 -16.31
1076.000 572.3 -16.20
1077.000 574.1 -16.18
1078.000 575.9 -16.38
1079.000 577.6 -16.15
1080.000 579.7 -15.95
1081.000 581.5 -16.03
1082.000 583.5 -15.95
1083.000 585.5 -16.03
1084.000 587.9 -15.96
1085.000 589.3 -15.84
1086.000 591.8 -15.48
1087.000 593.8 -15.46
1088.000 595.7 -15.57
1089.000 597.8 -15.47
1090.000 600.0 -15.61
1091.000 602.1 -15.31
1092.000 604.4 -15.43
1093.000 606.5 -15.35
1094.000 609.1 -15.37
1095.000 611.0 -15.36
1096.000 613.5 -15.27
1097.000 615.8 -14.97
1098.000 618.1 -15.06
1099.000 620.3 -14.89
1100.000 622.9 -15.01
1101.000 625.0 -15.13
1102.000 627.5 -15.40
1103.000 630.0 -15.05
1104.000 632.0 -14.85
1105.000 634.7 -14.83
1106.000 637.1 -14.51
1107.000 639.4 -14.57
1108.000 641.9 -14.54
1109.000 644.5 -14.30
1110.000 647.2 -14.37
1111.000 649.2 -14.35
1112.000 651.9 -14.49
1113.000 654.4 -14.63
1114.000 656.9 -14.46
1115.000 659.5 -14.33
1116.000 661.9 -14.12
1117.000 664.5 -14.28
1118.000 667.2 -14.21
1119.000 669.5 -14.19
1120.000 672.2 -14.06
1121.000 674.6 -14.17
1122.000 677.2 -14.26
1123.000 679.9 -14.20
1124.000 682.4 -14.21
1125.000 685.0 -13.96
1126.000 687.3 -13.81
1127.000 689.8 -13.61
1128.000 692.3 -13.48
1129.000 695.0 -13.38
1130.000 697.4 -13.43
1131.000 700.0 -13.37
1132.000 702.5 -13.30
1133.000 705.2 -13.14
1134.000 707.5 -13.25
1135.000 710.1 -13.18
1136.000 712.5 -13.18
1137.000 715.1 -13.09
1138.000 717.6 -12.94
1139.000 719.9 -12.91
1140.000 722.4 -12.98
1141.000 724.7 -12.89
1142.000 727.3 -12.59
1143.000 729.8 -12.47
1144.000 732.2 -12.21
1145.000 734.8 -12.31
1146.000 737.1 -12.25
1147.000 739.4 -12.24
1148.000 741.6 -12.12
1149.000 743.8 -12.15
1150.000 746.1 -12.17
1151.000 748.5 -12.10
1152.000 750.9 -11.98
1153.000 753.0 -11.95
1154.000 755.4 -11.80
1155.000 757.5 -11.59
1156.000 760.0 -11.54
1157.000 761.8 -11.57
1158.000 764.3 -11.59
1159.000 766.4 -11.33
1160.000 768.7 -11.37
1161.000 770.6 -11.32
1162.000 772.7 -11.22
1163.000 774.6 -11.33
1164.000 776.6 -11.28
1165.000 778.6 -11.34
1166.000 780.9 -11.29
1167.000 782.3 -11.27
1168.000 784.6 -11.27
1169.000 786.5 -11.12
1170.000 788.2 -11.11
1171.000 789.9 -11.07
1172.000 791.5 -11.01
1173.000 793.5 -11.08
1174.000 795.3 -11.11
1175.000 797.1 -11.10
1176.000 798.6 -11.07
1177.000 800.0 -11.01
1178.000 802.1 -10.84
1179.000 803.1 -10.59
1180.000 804.7 -10.50
1181.000 806.2 -10.54
1182.000 807.9 -10.57
1183.000 809.6 -10.47
1184.000 811.8 -10.25
1185.000 812.8 -10.29
1186.000 814.0 -10.19
1187.000 815.3 -10.39
1188.000 817.0 -10.22
1189.000 818.0 -10.36
1190.000 819.4 -10.27
1191.000 820.5 -9.983
1192.000 821.5 -10.21
1193.000 822.6 -10.20
1194.000 823.6 -10.16
1195.000 824.5 -10.09
1196.000 825.5 -10.04
1197.000 826.3 -10.13
1198.000 827.3 -10.20
1199.000 827.9 -10.09
1200.000 828.7 -10.14
1201.000 829.4 -10.11
1202.000 830.4 -10.15
1203.000 830.9 -10.13
1204.000 831.5 -10.11
1205.000 832.1 -10.01
1206.000 832.5 -10.00
1207.000 833.0 -9.901
1208.000 833.2 -9.722
1209.000 833.9 -9.570
1210.000 834.0 -9.599
1211.000 834.4 -9.614
1212.000 834.8 -9.602
1213.000 834.8 -9.614
1214.000 835.3 -9.623
1215.000 835.5 -9.616
1216.000 835.6 -9.565
1217.000 835.6 -9.580
1218.000 835.6 -9.557
1219.000 835.6 -9.563
1220.000 835.6 -9.589
1221.000 835.5 -9.575
1222.000 835.4 -9.586
1223.000 835.4 -9.600
1224.000 835.1 -9.541
1225.000 834.7 -9.533
1226.000 834.3 -9.606
1227.000 833.9 -9.610
1228.000 833.4 -9.630
1229.000 833.1 -9.523
1230.000 832.5 -9.619
1231.000 832.0 -9.623
1232.000 831.4 -9.694
1233.000 831.0 -9.669
1234.000 830.3 -9.815
1235.000 829.7 -9.697
1236.000 828.8 -9.774
1237.000 828.2 -9.811
1238.000 827.4 -9.730
1239.000 826.8 -9.660
1240.000 825.8 -9.644
1241.000 824.7 -9.651
1242.000 823.8 -9.682
1243.000 822.9 -9.664
1244.000 821.8 -9.783
1245.000 820.8 -9.666
1246.000 819.9 -9.778
1247.000 818.8 -9.881
1248.000 817.5 -9.982
1249.000 816.3 -10.43
1250.000 815.0 -10.27
1251.000 813.8 -10.35
1252.000 812.5 -10.38
1253.000 811.3 -10.61
1254.000 809.3 -10.63
1255.000 807.4 -10.53
1256.000 805.8 -10.47
1257.000 804.4 -10.57
1258.000 803.0 -10.57
1259.000 801.4 -10.65
1260.000 799.5 -10.82
1261.000 798.3 -10.66
1262.000 796.6 -10.75
1263.000 795.0 -10.66
1264.000 792.9 -10.60
1265.000 791.3 -10.58
1266.000 789.8 -10.61
1267.000 787.8 -10.79
1268.000 786.1 -10.70
1269.000 784.3 -11.06
1270.000 782.3 -11.23
1271.000 780.9 -11.21
1272.000 778.6 -11.25
1273.000 776.7 -11.21
1274.000 774.7 -11.21
1275.000 772.9 -11.20
1276.000 770.7 -11.28
1277.000 768.7 -11.46
1278.000 766.8 -11.37
1279.000 764.7 -11.56
1280.000 762.3 -11.57
1281.000 760.5 -11.63
1282.000 758.1 -11.38
1283.000 756.0 -11.41
1284.000 753.7 -11.50
1285.000 751.8 -11.61
1286.000 749.4 -11.67
1287.000 747.3 -12.06
1288.000 745.3 -12.12
1289.000 743.0 -12.13
1290.000 740.7 -12.18
1291.000 738.4 -12.23
1292.000 736.2 -12.39
1293.000 733.7 -12.25
1294.000 731.3 -12.40
1295.000 729.2 -12.49
1296.000 726.6 -12.43
1297.000 724.2 -12.55
1298.000 722.0 -12.48
1299.000 719.4 -12.71
1300.000 717.4 -12.64
1301.000 715.1 -12.67
1302.000 712.3 -12.89
1303.000 710.1 -12.64
1304.000 707.6 -12.90
1305.000 705.7 -12.97
1306.000 703.3 -13.19
1307.000 700.9 -13.45
1308.000 698.4 -13.26
1309.000 695.9 -13.37
1310.000 693.4 -13.56
1311.000 691.0 -13.27
1312.000 688.6 -13.67
1313.000 686.1 -13.39
1314.000 683.8 -13.75
1315.000 681.4 -13.82
1316.000 679.0 -13.63
1317.000 676.5 -13.90
1318.000 674.1 -13.70
1319.000 671.8 -13.69
1320.000 669.2 -13.86
1321.000 667.4 -13.79
1322.000 665.0 -13.99
1323.000 662.6 -14.12
1324.000 660.5 -14.41
1325.000 658.0 -14.52
1326.000 655.5 -14.39
1327.000 653.1 -14.35
1328.000 650.9 -14.38
1329.000 648.4 -14.49
1330.000 646.5 -14.49
1331.000 644.2 -14.41
1332.000 642.1 -14.55
1333.000 639.5 -14.54
1334.000 637.5 -14.51
1335.000 635.3 -14.66
1336.000 633.2 -14.57
1337.000 630.7 -14.96
1338.000 628.5 -15.10
1339.000 626.6 -15.20
1340.000 624.1 -14.93
1341.000 622.1 -14.90
1342.000 619.9 -14.78
1343.000 617.9 -14.69
1344.000 615.8 -14.73
1345.000 613.8 -15.08
1346.000 611.8 -14.96
1347.000 610.0 -15.40
1348.000 607.7 -15.20
1349.000 606.0 -15.43
1350.000 604.0 -15.58
1351.000 601.9 -15.40
1352.000 600.1 -15.39
1353.000 598.2 -15.38
1354.000 596.4 -15.53
1355.000 594.8 -15.66
1356.000 593.0 -15.37
1357.000 591.2 -15.45
1358.000 589.1 -15.39
1359.000 587.9 -15.64
1360.000 585.9 -15.50
1361.000 584.5 -15.56
1362.000 582.9 -15.76
1363.000 581.3 -15.65
1364.000 579.8 -15.59
1365.000 578.2 -15.74
1366.000 576.8 -15.81
1367.000 575.5 -15.84
1368.000 573.7 -15.75
1369.000 572.4 -15.81
1370.000 571.0 -15.87
1371.000 569.6 -16.01
1372.000 568.2 -16.20
1373.000 567.3 -16.18
1374.000 566.0 -16.28
1375.000 564.7 -16.26
1376.000 563.7 -16.28
1377.000 562.6 -16.38
1378.000 561.4 -16.26
1379.000 560.3 -16.35
1380.000 559.5 -16.29
1381.000 558.6 -16.26
1382.000 557.3 -16.29
1383.000 556.7 -16.21
1384.000 555.5 -16.28
1385.000 554.7 -16.47
1386.000 553.6 -16.43
1387.000 552.9 -16.36
1388.000 551.9 -16.37
1389.000 551.4 -16.50
1390.000 550.7 -16.50
1391.000 550.2 -16.39
1392.000 549.6 -16.48
1393.000 548.8 -16.44
1394.000 548.2 -16.40
1395.000 547.8 -16.52
1396.000 547.4 -16.54
1397.000 547.1 -16.45
1398.000 546.6 -16.45
1399.000 546.5 -16.52
1400.000 546.2 -16.51
1401.000 546.2 -16.34
1402.000 545.6 -16.46
1403.000 545.5 -16.47
1404.000 545.3 -16.53
1405.000 545.3 -16.57
1406.000 545.3 -16.53
1407.000 545.2 -16.43
1408.000 544.9 -16.41
1409.000 544.8 -16.46
1410.000 545.0 -16.42
1411.000 545.0 -16.40
1412.000 545.0 -16.44
1413.000 545.3 -16.44
1414.000 545.9 -16.43
1415.000 546.1 -16.40
1416.000 546.4 -16.48
1417.000 546.8 -16.61
1418.000 547.1 -16.44
1419.000 547.5 -16.57
1420.000 548.0 -16.46
1421.000 548.3 -16.34
1422.000 548.9 -16.49
1423.000 549.4 -16.41
1424.000 550.3 -16.54
1425.000 551.0 -16.52
1426.000 551.5 -16.32
1427.000 552.2 -16.35
1428.000 552.9 -16.25
1429.000 553.6 -16.35
1430.000 554.6 -16.36
1431.000 555.5 -16.27
1432.000 556.4 -16.28
1433.000 557.4 -16.26
1434.000 558.4 -16.30
1435.000 559.2 -16.33
1436.000 560.5 -16.21
1437.000 561.3 -16.43
1438.000 562.8 -16.18
1439.000 563.8 -16.28
1440.000 564.7 -16.28
1441.000 565.8 -16.10
1442.000 567.1 -16.19
1443.000 567.9 -16.17
1444.000 569.3 -16.26
1445.000 570.7 -16.30
1446.000 572.2 -15.99
1447.000 573.3 -16.16
1448.000 575.4 -16.09
1449.000 576.6 -16.28
1450.000 578.0 -16.11
1451.000 579.3 -15.80
1452.000 581.1 -15.71
1453.000 582.5 -15.63
1454.000 584.3 -15.52
1455.000 585.9 -15.49
1456.000 587.7 -15.56
1457.000 588.9 -15.36
1458.000 590.8 -15.37
1459.000 592.3 -15.42
1460.000 594.2 -15.41
1461.000 595.9 -15.41
1462.000 597.6 -15.45
1463.000 599.4 -15.37
1464.000 601.3 -15.33
1465.000 603.3 -15.52
1466.000 605.5 -15.32
1467.000 607.2 -15.35
1468.000 609.4 -15.30
1469.000 611.1 -15.08
1470.000 613.0 -15.24
1471.000 614.8 -15.09
1472.000 616.9 -15.02
1473.000 618.9 -15.07
1474.000 620.8 -14.87
1475.000 622.8 -14.73
1476.000 624.9 -14.58
1477.000 627.2 -14.92
1478.000 629.2 -15.04
1479.000 631.4 -15.11
1480.000 633.9 -15.05
1481.000 635.8 -14.65
1482.000 638.0 -14.51
1483.000 640.0 -14.43
1484.000 642.1 -14.39
1485.000 644.5 -14.44
1486.000 646.8 -14.26
1487.000 648.7 -14.42
1488.000 651.1 -14.28
1489.000 653.1 -14.31
1490.000 655.6 -14.48
1491.000 657.8 -14.31
1492.000 660.3 -14.35
1493.000 662.5 -14.00
1494.000 664.9 -14.13
1495.000 667.1 -14.17
1496.000 669.1 -13.97
1497.000 671.5 -14.20
1498.000 673.7 -14.17
1499.000 676.2 -14.15
1500.000 678.7 -14.12
1501.000 680.9 -13.98
1502.000 683.2 -13.95
1503.000 685.1 -13.73
1504.000 687.6 -13.61
1505.000 689.8 -13.49
1506.000 692.3 -13.37
1507.000 694.7 -13.47
1508.000 697.0 -13.03
1509.000 699.3 -13.20
1510.000 701.7 -13.37
1511.000 704.1 -13.01
1512.000 706.3 -13.28
1513.000 708.5 -13.22
1514.000 710.6 -12.90
1515.000 712.9 -12.66
1516.000 715.2 -12.78
1517.000 717.6 -12.47
1518.000 719.7 -12.59
1519.000 721.8 -12.36
1520.000 724.2 -12.47
1521.000 726.2 -12.25
1522.000 728.3 -12.61
1523.000 731.0 -12.38
1524.000 732.9 -12.18
1525.000 735.2 -12.31
1526.000 737.2 -11.92
1527.000 739.3 -12.11
1528.000 741.6 -12.07
1529.000 743.7 -12.03
1530.000 745.7 -12.20
1531.000 747.7 -12.04
1532.000 750.0 -12.00
1533.000 752.2 -11.85
1534.000 754.0 -11.43
1535.000 755.9 -11.50
1536.000 757.9 -11.27
1537.000 760.0 -11.47
1538.000 761.8 -11.46
1539.000 763.9 -11.26
1540.000 766.1 -11.35
1541.000 767.9 -11.24
1542.000 769.8 -11.28
1543.000 771.7 -11.03
1544.000 773.4 -11.13
1545.000 775.1 -11.20
1546.000 777.0 -11.10
1547.000 778.6 -11.22
1548.000 780.5 -11.28
1549.000 782.0 -11.08
1550.000 783.9 -11.17
1551.000 785.5 -10.98
1552.000 787.2 -10.98
1553.000 788.9 -11.07
1554.000 790.5 -10.98
1555.000 791.8 -11.00
1556.000 793.3 -10.94
1557.000 794.9 -10.95
1558.000 796.4 -11.07
1559.000 797.8 -10.97
1560.000 799.1 -11.10
1561.000 800.1 -10.68
1562.000 801.8 -10.52
1563.000 802.8 -10.59
1564.000 804.2 -10.40
1565.000 805.5 -10.54
1566.000 806.8 -10.41
1567.000 808.1 -10.46
1568.000 809.6 -10.45
1569.000 810.9 -10.33
1570.000 812.3 -10.36
1571.000 813.2 -10.26
1572.000 814.3 -10.21
1573.000 815.3 -10.24
1574.000 816.2 -9.998
1575.000 817.0 -10.32
1576.000 818.1 -10.18
1577.000 818.8 -10.22
1578.000 819.8 -10.20
1579.000 820.4 -9.997
1580.000 821.2 -10.05
1581.000 821.6 -9.932
1582.000 822.4 -10.06
1583.000 823.1 -10.07
1584.000 823.7 -9.917
1585.000 824.3 -10.12
1586.000 824.9 -10.01
1587.000 825.1 -10.05
1588.000 825.3 -10.07
1589.000 825.5 -9.861
1590.000 826.0 -9.624
1591.000 826.0 -9.470
1592.000 826.4 -9.525
1593.000 826.7 -9.627
1594.000 826.8 -9.507
1595.000 827.1 -9.543
1596.000 827.0 -9.512
1597.000 827.0 -9.511
1598.000 827.0 -9.564
1599.000 827.0 -9.558
1600.000 827.0 -9.542
1601.000 827.0 -9.397
1602.000 826.9 -9.476
1603.000 826.8 -9.577
1604.000 826.7 -9.510
1605.000 826.4 -9.656
1606.000 826.4 -9.552
1607.000 826.0 -9.524
1608.000 825.4 -9.698
1609.000 825.1 -9.443
1610.000 824.8 -9.921
1611.000 824.3 -9.791
1612.000 823.9 -9.679
1613.000 823.3 -9.728
1614.000 822.9 -9.521
1615.000 822.2 -9.792
1616.000 821.6 -9.590
1617.000 821.0 -9.647
1618.000 820.1 -9.747
1619.000 819.5 -9.631
1620.000 818.8 -9.976
1621.000 817.9 -10.12
1622.000 816.8 -10.22
1623.000 816.2 -10.21
1624.000 815.0 -10.16
1625.000 814.1 -10.48
1626.000 813.3 -10.14
1627.000 812.6 -10.23
1628.000 811.4 -10.68
1629.000 809.8 -10.45
1630.000 808.0 -10.49
1631.000 806.6 -10.44
1632.000 805.5 -10.36
1633.000 804.5 -10.49
1634.000 803.3 -10.47
1635.000 802.3 -10.61
1636.000 800.6 -10.56
1637.000 799.3 -10.61
1638.000 798.1 -10.84
1639.000 796.6 -10.60
1640.000 795.1 -10.66
1641.000 793.5 -10.69
1642.000 792.1 -10.45
1643.000 790.5 -10.83
1644.000 789.4 -10.60
1645.000 787.6 -10.71
1646.000 786.0 -10.74
1647.000 784.5 -10.74
1648.000 782.8 -10.91
1649.000 781.1 -11.03
1650.000 779.5 -11.29
1651.000 777.7 -11.19
1652.000 776.1 -11.14
1653.000 774.2 -11.30
1654.000 772.7 -11.02
1655.000 770.8 -11.41
1656.000 768.9 -11.32
1657.000 767.3 -11.33
1658.000 765.4 -11.46
1659.000 763.4 -11.42
1660.000 761.4 -11.56
1661.000 759.8 -11.40
1662.000 757.5 -11.41
1663.000 755.9 -11.67
1664.000 753.7 -11.29
1665.000 751.9 -11.63
1666.000 749.5 -11.66
1667.000 747.8 -11.65
1668.000 745.6 -11.91
1669.000 743.6 -11.66
1670.000 741.6 -11.76
1671.000 739.7 -11.77
1672.000 737.3 -11.86
1673.000 735.7 -12.10
1674.000 733.5 -12.09
1675.000 731.4 -12.46
1676.000 729.2 -12.57
1677.000 727.2 -12.34
1678.000 724.7 -12.54
1679.000 723.0 -12.28
1680.000 720.4 -12.60
1681.000 718.6 -12.66
1682.000 716.4 -12.52
1683.000 714.6 -13.13
1684.000 712.0 -12.49
1685.000 709.9 -12.98
1686.000 707.6 -13.19
1687.000 705.8 -13.23
1688.000 703.6 -13.50
1689.000 701.5 -13.10
1690.000 699.3 -13.24
1691.000 697.1 -13.05
1692.000 694.9 -13.25
1693.000 692.3 -13.65
1694.000 690.2 -13.25
1695.000 688.3 -13.79
1696.000 686.0 -13.35
1697.000 684.0 -13.36
1698.000 681.7 -13.95
1699.000 679.6 -13.91
1700.000 677.5 -14.30
1701.000 675.6 -14.11
1702.000 673.3 -14.03
1703.000 671.1 -14.20
1704.000 668.9 -13.89
1705.000 666.8 -14.05
1706.000 664.8 -14.10
1707.000 662.7 -13.95
1708.000 660.5 -14.46
1709.000 658.7 -14.20
1710.000 656.3 -14.61
1711.000 654.6 -14.38
1712.000 652.3 -14.36
1713.000 650.3 -14.50
1714.000 648.3 -14.32
1715.000 646.4 -14.46
1716.000 644.4 -14.44
1717.000 642.3 -14.39
1718.000 640.4 -14.46
1719.000 638.7 -14.25
1720.000 636.4 -14.63
1721.000 634.8 -14.78
1722.000 632.5 -14.64
1723.000 630.5 -14.80
1724.000 628.6 -14.66
1725.000 626.8 -14.77
1726.000 624.8 -14.58
1727.000 623.2 -14.53
1728.000 621.2 -14.65
1729.000 619.2 -14.30
1730.000 617.8 -14.77
1731.000 616.2 -14.63
1732.000 614.6 -14.85
1733.000 612.8 -14.98
1734.000 611.1 -15.02
1735.000 609.5 -15.34
1736.000 607.7 -15.28
1737.000 606.1 -15.09
1738.000 604.4 -15.65
1739.000 602.8 -15.34
1740.000 601.3 -15.44
1741.000 599.9 -15.39
1742.000 598.3 -15.22
1743.000 597.2 -15.63
1744.000 595.5 -15.28
1745.000 594.2 -15.64
1746.000 592.8 -15.47
1747.000 591.6 -15.19
1748.000 590.0 -15.56
1749.000 588.9 -15.33
1750.000 587.6 -15.64
1751.000 586.3 -15.55
1752.000 585.2 -15.27
1753.000 583.9 -15.77
1754.000 582.7 -15.46
1755.000 581.5 -15.87
1756.000 580.5 -15.70
1757.000 579.6 -15.37
1758.000 578.5 -15.87
1759.000 577.5 -15.58
1760.000 576.7 -15.96
1761.000 575.7 -16.10
1762.000 574.8 -15.97
1763.000 573.8 -16.13
1764.000 572.9 -15.91
1765.000 572.1 -15.99
1766.000 571.3 -16.18
1767.000 570.8 -16.18
1768.000 569.8 -16.49
1769.000 569.2 -15.99
1770.000 568.5 -16.20
1771.000 568.1 -16.18
1772.000 567.5 -16.10
1773.000 567.1 -16.50
1774.000 566.4 -16.13
1775.000 566.1 -16.19
1776.000 565.4 -16.21
1777.000 565.4 -16.16
1778.000 564.9 -16.45
1779.000 564.6 -16.04
1780.000 564.3 -16.34
1781.000 564.1 -16.21
1782.000 563.8 -16.15
1783.000 563.7 -16.41
1784.000 563.6 -16.07
1785.000 563.5 -16.38
1786.000 563.4 -16.31
1787.000 563.4 -16.07
1788.000 563.4 -16.38
1789.000 563.5 -16.09
1790.000 563.4 -16.34
1791.000 563.5 -16.29
1792.000 563.5 -16.18
1793.000 563.7 -16.36
1794.000 563.9 -16.17
1795.000 563.9 -16.38
1796.000 564.0 -16.35
1797.000 564.2 -16.22
1798.000 564.6 -16.31
1799.000 565.0 -15.93
1800.000 565.5 -16.23
1801.000 565.7 -16.32
1802.000 566.3 -16.20
1803.000 566.8 -16.38
1804.000 567.3 -15.98
1805.000 567.8 -16.30
1806.000 568.4 -16.26
1807.000 569.0 -16.03
1808.000 569.6 -16.35
1809.000 570.4 -15.96
1810.000 571.3 -16.22
1811.000 571.9 -16.16
1812.000 572.8 -15.91
1813.000 573.2 -16.33
1814.000 574.6 -15.96
1815.000 575.5 -16.16
1816.000 576.5 -16.27
1817.000 577.1 -15.83
1818.000 577.9 -15.89
1819.000 578.9 -15.33
1820.000 580.0 -15.52
1821.000 580.9 -15.62
1822.000 582.2 -15.42
1823.000 583.2 -15.73
1824.000 584.4 -15.39
1825.000 585.5 -15.49
1826.000 587.0 -15.49
1827.000 588.2 -15.33
1828.000 589.3 -15.49
1829.000 590.6 -15.30
1830.000 592.1 -15.42
1831.000 593.2 -15.52
1832.000 595.0 -15.31
1833.000 596.0 -15.46
1834.000 597.5 -15.39
1835.000 598.7 -15.40
1836.000 600.4 -15.51
1837.000 601.8 -15.14
1838.000 603.5 -15.54
1839.000 605.1 -15.12
1840.000 606.6 -15.25
1841.000 608.1 -15.23
1842.000 609.7 -15.19
1843.000 611.3 -15.45
1844.000 613.4 -14.92
1845.000 614.8 -15.09
1846.000 616.6 -15.02
1847.000 618.2 -14.99
1848.000 619.9 -15.06
1849.000 621.5 -14.80
1850.000 623.2 -14.61
1851.000 624.8 -14.79
1852.000 626.9 -14.62
1853.000 628.5 -14.99
1854.000 630.6 -14.65
1855.000 632.2 -14.77
1856.000 634.6 -14.65
1857.000 636.4 -14.24
1858.000 638.3 -14.73
1859.000 640.0 -14.13
1860.000 641.9 -14.38
1861.000 643.9 -14.34
1862.000 645.9 -14.20
1863.000 647.8 -14.61
1864.000 649.7 -14.20
1865.000 651.8 -14.38
1866.000 653.9 -14.35
1867.000 655.9 -14.15
1868.000 657.9 -14.49
1869.000 659.9 -14.01
1870.000 661.7 -14.13
1871.000 664.0 -14.30
1872.000 665.8 -13.82
1873.000 667.8 -13.82
1874.000 669.9 -13.55
1875.000 671.9 -13.79
1876.000 673.9 -13.81
1877.000 676.2 -13.51
1878.000 678.1 -13.62
1879.000 680.3 -13.61
1880.000 682.5 -13.64
1881.000 684.5 -13.67
1882.000 686.7 -13.18
1883.000 688.9 -13.69
1884.000 690.9 -13.07
1885.000 692.9 -13.30
1886.000 695.0 -13.27
1887.000 697.2 -13.08
1888.000 699.3 -13.56
1889.000 701.6 -13.15
1890.000 703.7 -13.10
