 Masse A  
t x y 
0.000 1.075E3 -93.59
1.000 1.077E3 -93.59
2.000 1.078E3 -93.38
3.000 1.079E3 -93.73
4.000 1.081E3 -93.67
5.000 1.082E3 -93.37
6.000 1.083E3 -93.62
7.000 1.084E3 -93.29
8.000 1.086E3 -93.75
9.000 1.087E3 -93.68
10.000 1.088E3 -93.33
11.000 1.090E3 -93.53
12.000 1.091E3 -93.30
13.000 1.093E3 -93.45
14.000 1.095E3 -93.38
15.000 1.096E3 -93.17
16.000 1.097E3 -93.37
17.000 1.099E3 -93.24
18.000 1.100E3 -93.28
19.000 1.101E3 -93.21
20.000 1.103E3 -93.19
21.000 1.105E3 -93.38
22.000 1.106E3 -93.02
23.000 1.108E3 -92.80
24.000 1.109E3 -93.05
25.000 1.111E3 -92.92
26.000 1.113E3 -92.90
27.000 1.114E3 -92.59
28.000 1.116E3 -92.61
29.000 1.117E3 -92.73
30.000 1.119E3 -92.59
31.000 1.121E3 -92.85
32.000 1.123E3 -92.53
33.000 1.124E3 -92.49
34.000 1.126E3 -92.70
35.000 1.128E3 -92.20
36.000 1.130E3 -92.52
37.000 1.131E3 -92.37
38.000 1.133E3 -92.50
39.000 1.135E3 -92.46
40.000 1.137E3 -92.15
41.000 1.138E3 -92.63
42.000 1.140E3 -92.37
43.000 1.142E3 -92.78
44.000 1.144E3 -92.43
45.000 1.146E3 -91.86
46.000 1.148E3 -92.13
47.000 1.149E3 -92.18
48.000 1.151E3 -92.08
49.000 1.152E3 -91.62
50.000 1.154E3 -91.61
51.000 1.156E3 -91.96
52.000 1.158E3 -91.65
53.000 1.161E3 -91.40
54.000 1.162E3 -91.86
55.000 1.164E3 -91.62
56.000 1.166E3 -91.80
57.000 1.168E3 -91.35
58.000 1.170E3 -91.45
59.000 1.172E3 -91.62
60.000 1.173E3 -91.64
61.000 1.175E3 -91.42
62.000 1.177E3 -91.49
63.000 1.179E3 -91.47
64.000 1.181E3 -91.53
65.000 1.183E3 -91.40
66.000 1.185E3 -91.56
67.000 1.188E3 -91.16
68.000 1.190E3 -91.29
69.000 1.191E3 -91.40
70.000 1.193E3 -91.22
71.000 1.194E3 -91.53
72.000 1.197E3 -90.88
73.000 1.199E3 -90.60
74.000 1.202E3 -90.54
75.000 1.203E3 -90.58
76.000 1.205E3 -90.62
77.000 1.207E3 -90.61
78.000 1.209E3 -90.47
79.000 1.211E3 -90.24
80.000 1.213E3 -90.56
81.000 1.215E3 -90.43
82.000 1.217E3 -90.15
83.000 1.218E3 -90.40
84.000 1.220E3 -90.01
85.000 1.221E3 -89.86
86.000 1.224E3 -89.70
87.000 1.225E3 -89.56
88.000 1.227E3 -89.68
89.000 1.229E3 -89.72
90.000 1.231E3 -89.56
91.000 1.233E3 -89.57
92.000 1.234E3 -89.60
93.000 1.236E3 -89.41
94.000 1.238E3 -89.68
95.000 1.240E3 -89.30
96.000 1.241E3 -89.57
97.000 1.243E3 -89.19
98.000 1.245E3 -89.57
99.000 1.246E3 -89.37
100.000 1.248E3 -89.30
101.000 1.250E3 -89.21
102.000 1.251E3 -89.38
103.000 1.253E3 -89.34
104.000 1.255E3 -89.38
105.000 1.256E3 -89.30
106.000 1.258E3 -89.26
107.000 1.260E3 -89.24
108.000 1.261E3 -89.37
109.000 1.262E3 -89.41
110.000 1.264E3 -89.16
111.000 1.266E3 -89.18
112.000 1.267E3 -88.97
113.000 1.268E3 -88.93
114.000 1.270E3 -88.81
115.000 1.271E3 -88.69
116.000 1.273E3 -88.79
117.000 1.274E3 -88.63
118.000 1.276E3 -88.62
119.000 1.277E3 -88.84
120.000 1.279E3 -88.63
121.000 1.280E3 -88.73
122.000 1.281E3 -88.56
123.000 1.282E3 -88.62
124.000 1.283E3 -88.59
125.000 1.285E3 -88.43
126.000 1.286E3 -88.57
127.000 1.287E3 -88.17
128.000 1.288E3 -88.76
129.000 1.289E3 -88.66
130.000 1.291E3 -88.29
131.000 1.292E3 -88.49
132.000 1.293E3 -88.50
133.000 1.294E3 -88.61
134.000 1.295E3 -88.69
135.000 1.296E3 -88.64
136.000 1.297E3 -88.75
137.000 1.298E3 -88.32
138.000 1.299E3 -88.56
139.000 1.300E3 -88.56
140.000 1.301E3 -88.39
141.000 1.302E3 -88.46
142.000 1.303E3 -88.25
143.000 1.304E3 -88.46
144.000 1.305E3 -88.34
145.000 1.305E3 -88.39
146.000 1.306E3 -88.38
147.000 1.307E3 -88.11
148.000 1.308E3 -88.20
149.000 1.308E3 -88.28
150.000 1.309E3 -88.13
151.000 1.309E3 -88.44
152.000 1.310E3 -88.33
153.000 1.311E3 -88.33
154.000 1.312E3 -88.20
155.000 1.312E3 -88.08
156.000 1.313E3 -87.96
157.000 1.313E3 -87.80
158.000 1.314E3 -87.62
159.000 1.314E3 -87.90
160.000 1.315E3 -87.82
161.000 1.315E3 -88.08
162.000 1.315E3 -87.84
163.000 1.315E3 -87.97
164.000 1.316E3 -87.83
165.000 1.316E3 -87.83
166.000 1.316E3 -87.94
167.000 1.316E3 -87.96
168.000 1.317E3 -88.01
169.000 1.317E3 -88.03
170.000 1.317E3 -88.02
171.000 1.317E3 -87.96
172.000 1.317E3 -87.81
173.000 1.317E3 -87.91
174.000 1.317E3 -87.84
175.000 1.318E3 -87.72
176.000 1.318E3 -87.84
177.000 1.318E3 -87.70
178.000 1.318E3 -87.90
179.000 1.318E3 -87.85
180.000 1.317E3 -87.83
181.000 1.317E3 -88.02
182.000 1.317E3 -87.85
183.000 1.317E3 -87.84
184.000 1.317E3 -88.01
185.000 1.317E3 -87.78
186.000 1.317E3 -88.24
187.000 1.317E3 -88.13
188.000 1.316E3 -88.38
189.000 1.316E3 -88.34
190.000 1.316E3 -88.17
191.000 1.315E3 -88.63
192.000 1.315E3 -87.99
193.000 1.314E3 -87.87
194.000 1.314E3 -87.79
195.000 1.314E3 -87.72
196.000 1.313E3 -88.10
197.000 1.313E3 -87.96
198.000 1.312E3 -87.95
199.000 1.312E3 -87.89
200.000 1.311E3 -87.80
201.000 1.310E3 -88.20
202.000 1.310E3 -88.05
203.000 1.309E3 -88.16
204.000 1.309E3 -88.20
205.000 1.308E3 -88.21
206.000 1.307E3 -88.52
207.000 1.306E3 -88.54
208.000 1.305E3 -88.54
209.000 1.305E3 -88.39
210.000 1.304E3 -88.39
211.000 1.304E3 -88.44
212.000 1.303E3 -87.92
213.000 1.302E3 -88.16
214.000 1.301E3 -88.27
215.000 1.300E3 -88.22
216.000 1.299E3 -88.72
217.000 1.298E3 -88.36
218.000 1.297E3 -88.61
219.000 1.296E3 -88.64
220.000 1.296E3 -88.43
221.000 1.295E3 -88.60
222.000 1.294E3 -88.23
223.000 1.292E3 -88.71
224.000 1.291E3 -88.75
225.000 1.290E3 -88.55
226.000 1.289E3 -88.72
227.000 1.288E3 -88.51
228.000 1.287E3 -88.51
229.000 1.286E3 -88.60
230.000 1.285E3 -88.38
231.000 1.284E3 -88.86
232.000 1.283E3 -88.46
233.000 1.282E3 -88.63
234.000 1.281E3 -88.73
235.000 1.279E3 -88.63
236.000 1.278E3 -89.04
237.000 1.277E3 -88.77
238.000 1.276E3 -88.77
239.000 1.274E3 -88.71
240.000 1.273E3 -88.59
241.000 1.272E3 -88.83
242.000 1.271E3 -88.68
243.000 1.269E3 -88.78
244.000 1.268E3 -88.83
245.000 1.267E3 -88.67
246.000 1.266E3 -88.82
247.000 1.265E3 -88.63
248.000 1.263E3 -89.04
249.000 1.262E3 -88.93
250.000 1.261E3 -88.86
251.000 1.259E3 -89.16
252.000 1.258E3 -89.12
253.000 1.257E3 -89.27
254.000 1.256E3 -89.39
255.000 1.254E3 -89.27
256.000 1.253E3 -89.44
257.000 1.252E3 -89.24
258.000 1.250E3 -89.43
259.000 1.249E3 -89.51
260.000 1.248E3 -89.16
261.000 1.247E3 -89.61
262.000 1.245E3 -89.27
263.000 1.244E3 -89.51
264.000 1.242E3 -89.59
265.000 1.241E3 -89.39
266.000 1.240E3 -89.60
267.000 1.238E3 -89.64
268.000 1.237E3 -89.63
269.000 1.236E3 -89.51
270.000 1.234E3 -89.58
271.000 1.233E3 -89.63
272.000 1.231E3 -89.77
273.000 1.230E3 -89.62
274.000 1.229E3 -89.51
275.000 1.228E3 -89.40
276.000 1.226E3 -89.69
277.000 1.225E3 -89.69
278.000 1.224E3 -89.56
279.000 1.222E3 -89.79
280.000 1.221E3 -89.94
281.000 1.220E3 -90.16
282.000 1.219E3 -90.20
283.000 1.217E3 -90.35
284.000 1.216E3 -90.49
285.000 1.215E3 -90.09
286.000 1.214E3 -90.32
287.000 1.212E3 -90.25
288.000 1.211E3 -90.52
289.000 1.210E3 -90.57
290.000 1.208E3 -90.45
291.000 1.207E3 -90.45
292.000 1.206E3 -90.41
293.000 1.205E3 -90.35
294.000 1.204E3 -90.68
295.000 1.203E3 -90.41
296.000 1.202E3 -90.47
297.000 1.200E3 -90.79
298.000 1.199E3 -90.72
299.000 1.197E3 -90.84
300.000 1.196E3 -90.68
301.000 1.194E3 -91.02
302.000 1.193E3 -91.03
303.000 1.192E3 -90.80
304.000 1.191E3 -90.75
305.000 1.191E3 -90.54
306.000 1.190E3 -91.09
307.000 1.188E3 -90.97
308.000 1.187E3 -90.90
309.000 1.186E3 -91.19
310.000 1.185E3 -91.15
311.000 1.184E3 -91.60
312.000 1.183E3 -91.14
313.000 1.182E3 -91.23
314.000 1.181E3 -91.43
315.000 1.180E3 -91.17
316.000 1.180E3 -91.34
317.000 1.179E3 -91.31
318.000 1.178E3 -91.37
319.000 1.177E3 -91.32
320.000 1.176E3 -91.45
321.000 1.175E3 -91.57
322.000 1.175E3 -91.51
323.000 1.174E3 -91.56
324.000 1.173E3 -91.77
325.000 1.173E3 -91.42
326.000 1.172E3 -91.59
327.000 1.172E3 -91.56
328.000 1.171E3 -91.38
329.000 1.170E3 -91.64
330.000 1.170E3 -91.49
331.000 1.169E3 -91.57
332.000 1.168E3 -91.69
333.000 1.167E3 -91.70
334.000 1.167E3 -91.74
335.000 1.167E3 -91.56
336.000 1.166E3 -91.74
337.000 1.166E3 -91.64
338.000 1.165E3 -91.76
339.000 1.165E3 -91.75
340.000 1.164E3 -91.79
341.000 1.164E3 -91.72
342.000 1.163E3 -91.64
343.000 1.163E3 -91.70
344.000 1.163E3 -91.57
345.000 1.162E3 -91.52
346.000 1.162E3 -91.70
347.000 1.162E3 -91.57
348.000 1.162E3 -91.47
349.000 1.162E3 -91.81
350.000 1.161E3 -91.42
351.000 1.161E3 -91.89
352.000 1.161E3 -91.57
353.000 1.161E3 -91.66
354.000 1.161E3 -91.70
355.000 1.161E3 -91.61
356.000 1.161E3 -91.65
357.000 1.161E3 -91.64
358.000 1.161E3 -91.65
359.000 1.161E3 -91.68
360.000 1.161E3 -91.54
361.000 1.161E3 -91.61
362.000 1.161E3 -91.58
363.000 1.161E3 -91.58
364.000 1.161E3 -91.68
365.000 1.161E3 -91.57
366.000 1.161E3 -91.62
367.000 1.162E3 -91.50
368.000 1.162E3 -91.53
369.000 1.162E3 -91.73
370.000 1.162E3 -91.58
371.000 1.163E3 -91.70
372.000 1.163E3 -91.52
373.000 1.163E3 -91.80
374.000 1.163E3 -91.76
375.000 1.164E3 -91.70
376.000 1.164E3 -91.62
377.000 1.164E3 -91.70
378.000 1.165E3 -91.67
379.000 1.166E3 -91.69
380.000 1.166E3 -91.55
381.000 1.167E3 -91.68
382.000 1.167E3 -91.68
383.000 1.168E3 -91.57
384.000 1.168E3 -91.64
385.000 1.169E3 -91.33
386.000 1.169E3 -91.52
387.000 1.170E3 -91.50
388.000 1.171E3 -91.59
389.000 1.172E3 -91.48
390.000 1.172E3 -91.49
391.000 1.173E3 -91.62
392.000 1.173E3 -91.53
393.000 1.174E3 -91.51
394.000 1.175E3 -91.49
395.000 1.176E3 -91.26
396.000 1.176E3 -91.48
397.000 1.177E3 -91.45
398.000 1.178E3 -91.43
399.000 1.179E3 -91.43
400.000 1.180E3 -91.38
401.000 1.181E3 -91.56
402.000 1.182E3 -91.26
403.000 1.183E3 -91.22
404.000 1.184E3 -91.49
405.000 1.185E3 -91.32
406.000 1.185E3 -91.56
407.000 1.187E3 -91.30
408.000 1.188E3 -91.07
409.000 1.189E3 -90.90
410.000 1.190E3 -90.57
411.000 1.191E3 -90.71
412.000 1.191E3 -90.74
413.000 1.193E3 -90.89
414.000 1.193E3 -90.91
415.000 1.195E3 -90.68
416.000 1.196E3 -90.79
417.000 1.197E3 -90.59
418.000 1.199E3 -90.62
419.000 1.201E3 -90.48
420.000 1.202E3 -90.35
421.000 1.203E3 -90.61
422.000 1.204E3 -90.66
423.000 1.206E3 -90.43
424.000 1.207E3 -90.43
425.000 1.208E3 -90.38
426.000 1.209E3 -90.43
427.000 1.211E3 -90.37
428.000 1.212E3 -90.06
429.000 1.213E3 -90.39
430.000 1.214E3 -89.95
431.000 1.216E3 -90.21
432.000 1.217E3 -90.14
433.000 1.218E3 -90.25
434.000 1.219E3 -90.35
435.000 1.220E3 -89.99
436.000 1.222E3 -89.86
437.000 1.223E3 -89.51
438.000 1.225E3 -89.54
439.000 1.226E3 -89.51
440.000 1.227E3 -89.64
441.000 1.229E3 -89.59
442.000 1.230E3 -89.43
443.000 1.231E3 -89.68
444.000 1.233E3 -89.59
445.000 1.234E3 -89.56
446.000 1.236E3 -89.56
447.000 1.237E3 -89.53
448.000 1.238E3 -89.51
449.000 1.240E3 -89.42
450.000 1.241E3 -89.43
451.000 1.243E3 -89.44
452.000 1.244E3 -89.42
453.000 1.245E3 -89.45
454.000 1.246E3 -89.39
455.000 1.248E3 -89.31
456.000 1.249E3 -89.23
457.000 1.251E3 -89.38
458.000 1.252E3 -89.32
459.000 1.253E3 -89.22
460.000 1.255E3 -89.12
461.000 1.256E3 -89.26
462.000 1.258E3 -89.17
463.000 1.259E3 -89.25
464.000 1.260E3 -89.31
465.000 1.262E3 -89.04
466.000 1.263E3 -88.96
467.000 1.264E3 -88.91
468.000 1.266E3 -88.74
469.000 1.267E3 -88.74
470.000 1.268E3 -88.80
471.000 1.270E3 -88.81
472.000 1.271E3 -88.68
473.000 1.273E3 -88.62
474.000 1.274E3 -88.65
475.000 1.275E3 -88.71
476.000 1.276E3 -88.64
477.000 1.277E3 -88.83
478.000 1.278E3 -88.87
479.000 1.280E3 -88.62
480.000 1.281E3 -88.45
481.000 1.283E3 -88.62
482.000 1.284E3 -88.74
483.000 1.285E3 -88.51
484.000 1.287E3 -88.40
485.000 1.288E3 -88.43
486.000 1.289E3 -88.63
487.000 1.290E3 -88.28
488.000 1.291E3 -88.54
489.000 1.293E3 -88.46
490.000 1.293E3 -88.40
491.000 1.295E3 -88.57
492.000 1.295E3 -88.53
493.000 1.297E3 -88.52
494.000 1.298E3 -88.61
495.000 1.299E3 -88.53
496.000 1.300E3 -88.57
497.000 1.301E3 -88.40
498.000 1.302E3 -88.46
499.000 1.303E3 -88.49
500.000 1.304E3 -88.14
501.000 1.305E3 -88.16
502.000 1.306E3 -88.34
503.000 1.307E3 -88.43
504.000 1.308E3 -88.41
505.000 1.309E3 -88.28
506.000 1.310E3 -88.44
507.000 1.311E3 -88.26
508.000 1.312E3 -88.25
509.000 1.313E3 -88.34
510.000 1.314E3 -88.13
511.000 1.314E3 -88.37
512.000 1.315E3 -88.25
513.000 1.316E3 -87.97
514.000 1.316E3 -87.79
515.000 1.317E3 -87.55
516.000 1.318E3 -87.83
517.000 1.319E3 -87.89
518.000 1.320E3 -87.96
519.000 1.320E3 -88.01
520.000 1.321E3 -87.82
521.000 1.321E3 -87.82
522.000 1.322E3 -87.87
523.000 1.323E3 -87.66
524.000 1.323E3 -87.91
525.000 1.324E3 -87.80
526.000 1.324E3 -87.80
527.000 1.325E3 -87.76
528.000 1.325E3 -87.77
529.000 1.326E3 -87.88
530.000 1.326E3 -87.79
531.000 1.327E3 -87.75
532.000 1.327E3 -87.76
533.000 1.328E3 -87.70
534.000 1.328E3 -87.70
535.000 1.328E3 -87.74
536.000 1.329E3 -87.71
537.000 1.329E3 -87.67
538.000 1.329E3 -87.66
539.000 1.329E3 -87.60
540.000 1.329E3 -87.59
541.000 1.330E3 -87.55
542.000 1.330E3 -87.47
543.000 1.330E3 -87.45
544.000 1.330E3 -87.63
545.000 1.330E3 -87.72
546.000 1.330E3 -87.64
547.000 1.331E3 -87.61
548.000 1.331E3 -87.55
549.000 1.331E3 -87.50
550.000 1.331E3 -87.50
551.000 1.331E3 -87.67
552.000 1.331E3 -87.58
553.000 1.331E3 -87.52
554.000 1.331E3 -87.56
555.000 1.331E3 -87.52
556.000 1.330E3 -87.64
557.000 1.330E3 -87.66
558.000 1.330E3 -87.63
559.000 1.330E3 -87.83
560.000 1.330E3 -87.45
561.000 1.329E3 -87.59
562.000 1.329E3 -87.76
563.000 1.329E3 -87.71
564.000 1.329E3 -87.79
565.000 1.328E3 -87.76
566.000 1.328E3 -87.87
567.000 1.328E3 -87.74
568.000 1.327E3 -87.93
569.000 1.327E3 -87.90
570.000 1.326E3 -87.90
571.000 1.326E3 -87.82
572.000 1.326E3 -87.66
573.000 1.325E3 -87.88
574.000 1.324E3 -87.83
575.000 1.324E3 -87.77
576.000 1.324E3 -87.73
577.000 1.323E3 -87.76
578.000 1.323E3 -87.67
579.000 1.322E3 -87.83
580.000 1.321E3 -87.90
581.000 1.321E3 -87.86
582.000 1.320E3 -87.78
583.000 1.319E3 -87.88
584.000 1.318E3 -87.77
585.000 1.317E3 -87.76
586.000 1.317E3 -87.81
587.000 1.316E3 -87.64
588.000 1.315E3 -87.71
589.000 1.315E3 -87.86
590.000 1.314E3 -87.75
591.000 1.313E3 -87.86
592.000 1.312E3 -87.79
593.000 1.311E3 -87.77
594.000 1.310E3 -87.79
595.000 1.309E3 -87.83
596.000 1.309E3 -88.16
597.000 1.308E3 -88.42
598.000 1.307E3 -88.38
599.000 1.306E3 -88.28
600.000 1.305E3 -87.97
601.000 1.304E3 -87.95
602.000 1.303E3 -88.05
603.000 1.302E3 -87.93
604.000 1.301E3 -88.07
605.000 1.299E3 -88.01
606.000 1.299E3 -88.03
607.000 1.298E3 -88.05
608.000 1.297E3 -87.93
609.000 1.295E3 -88.23
610.000 1.294E3 -88.45
611.000 1.293E3 -88.51
612.000 1.292E3 -88.37
613.000 1.291E3 -88.42
614.000 1.290E3 -88.48
615.000 1.289E3 -88.62
616.000 1.288E3 -88.70
617.000 1.287E3 -88.43
618.000 1.285E3 -88.68
619.000 1.284E3 -88.78
620.000 1.283E3 -88.60
621.000 1.282E3 -88.78
622.000 1.280E3 -88.71
623.000 1.279E3 -88.71
624.000 1.278E3 -89.10
625.000 1.277E3 -89.15
626.000 1.275E3 -89.26
627.000 1.274E3 -89.09
628.000 1.273E3 -88.69
629.000 1.272E3 -88.73
630.000 1.271E3 -88.62
631.000 1.269E3 -88.82
632.000 1.268E3 -88.76
633.000 1.267E3 -88.72
634.000 1.266E3 -88.72
635.000 1.264E3 -88.82
636.000 1.263E3 -88.80
637.000 1.261E3 -88.83
638.000 1.260E3 -88.78
639.000 1.259E3 -89.03
640.000 1.258E3 -88.95
641.000 1.257E3 -88.77
642.000 1.255E3 -88.77
643.000 1.254E3 -88.78
644.000 1.252E3 -88.97
645.000 1.251E3 -88.91
646.000 1.250E3 -88.96
647.000 1.249E3 -89.06
648.000 1.247E3 -89.04
649.000 1.246E3 -89.11
650.000 1.245E3 -89.30
651.000 1.243E3 -89.34
652.000 1.242E3 -89.54
653.000 1.241E3 -89.45
654.000 1.240E3 -89.49
655.000 1.238E3 -89.59
656.000 1.237E3 -89.48
657.000 1.236E3 -89.52
658.000 1.235E3 -89.47
659.000 1.233E3 -89.74
660.000 1.232E3 -89.77
661.000 1.230E3 -89.84
662.000 1.229E3 -89.72
663.000 1.228E3 -89.53
664.000 1.227E3 -89.56
665.000 1.226E3 -89.70
666.000 1.225E3 -89.72
667.000 1.224E3 -89.67
668.000 1.222E3 -89.74
669.000 1.221E3 -89.91
670.000 1.220E3 -89.73
671.000 1.219E3 -90.01
672.000 1.217E3 -89.83
673.000 1.216E3 -89.91
674.000 1.215E3 -90.06
675.000 1.214E3 -89.88
676.000 1.213E3 -90.25
677.000 1.212E3 -90.43
678.000 1.211E3 -90.49
679.000 1.210E3 -90.45
680.000 1.209E3 -90.46
681.000 1.208E3 -90.39
682.000 1.207E3 -90.38
683.000 1.206E3 -90.49
684.000 1.204E3 -90.60
685.000 1.204E3 -90.50
686.000 1.203E3 -90.48
687.000 1.201E3 -90.52
688.000 1.200E3 -90.58
689.000 1.199E3 -90.76
690.000 1.198E3 -90.59
691.000 1.197E3 -90.74
692.000 1.195E3 -90.79
693.000 1.194E3 -90.80
694.000 1.193E3 -90.91
695.000 1.192E3 -90.68
696.000 1.192E3 -91.08
697.000 1.191E3 -90.93
698.000 1.191E3 -90.77
699.000 1.190E3 -90.69
700.000 1.189E3 -90.89
701.000 1.188E3 -90.93
702.000 1.188E3 -90.82
703.000 1.186E3 -90.86
704.000 1.186E3 -91.04
705.000 1.185E3 -90.99
706.000 1.184E3 -91.06
707.000 1.184E3 -90.93
708.000 1.183E3 -90.99
709.000 1.182E3 -90.92
710.000 1.182E3 -90.93
711.000 1.181E3 -91.13
712.000 1.181E3 -91.21
713.000 1.180E3 -91.29
714.000 1.180E3 -91.22
715.000 1.179E3 -91.39
716.000 1.179E3 -91.37
717.000 1.178E3 -91.48
718.000 1.178E3 -91.37
719.000 1.177E3 -91.44
720.000 1.177E3 -91.39
721.000 1.177E3 -91.39
722.000 1.176E3 -91.51
723.000 1.176E3 -91.37
724.000 1.175E3 -91.46
725.000 1.175E3 -91.47
726.000 1.175E3 -91.49
727.000 1.174E3 -91.59
728.000 1.174E3 -91.56
729.000 1.174E3 -91.61
730.000 1.174E3 -91.51
731.000 1.173E3 -91.61
732.000 1.173E3 -91.57
733.000 1.173E3 -91.54
734.000 1.173E3 -91.67
735.000 1.173E3 -91.60
736.000 1.173E3 -91.56
737.000 1.173E3 -91.54
738.000 1.173E3 -91.51
739.000 1.173E3 -91.72
740.000 1.173E3 -91.43
741.000 1.173E3 -91.69
742.000 1.173E3 -91.57
743.000 1.173E3 -91.59
744.000 1.173E3 -91.53
745.000 1.173E3 -91.52
746.000 1.173E3 -91.53
747.000 1.173E3 -91.49
748.000 1.173E3 -91.49
749.000 1.174E3 -91.49
750.000 1.174E3 -91.52
751.000 1.174E3 -91.40
752.000 1.174E3 -91.55
753.000 1.174E3 -91.45
754.000 1.175E3 -91.40
755.000 1.175E3 -91.33
756.000 1.175E3 -91.40
757.000 1.176E3 -91.30
758.000 1.176E3 -91.41
759.000 1.177E3 -91.36
760.000 1.177E3 -91.40
761.000 1.178E3 -91.34
762.000 1.178E3 -91.39
763.000 1.178E3 -91.46
764.000 1.179E3 -91.33
765.000 1.179E3 -91.26
766.000 1.180E3 -91.17
767.000 1.180E3 -91.32
768.000 1.181E3 -91.35
769.000 1.181E3 -91.44
770.000 1.182E3 -91.35
771.000 1.183E3 -91.27
772.000 1.183E3 -91.36
773.000 1.184E3 -91.43
774.000 1.185E3 -91.48
775.000 1.185E3 -91.46
776.000 1.186E3 -91.48
777.000 1.187E3 -91.37
778.000 1.188E3 -91.02
779.000 1.188E3 -91.05
780.000 1.189E3 -90.92
781.000 1.190E3 -90.98
782.000 1.191E3 -90.49
783.000 1.191E3 -90.85
784.000 1.192E3 -90.67
785.000 1.192E3 -90.93
786.000 1.193E3 -91.17
787.000 1.195E3 -91.22
788.000 1.196E3 -91.17
789.000 1.196E3 -90.96
790.000 1.198E3 -90.89
791.000 1.199E3 -90.75
792.000 1.200E3 -90.54
793.000 1.202E3 -90.47
794.000 1.202E3 -90.43
795.000 1.203E3 -90.51
796.000 1.204E3 -90.65
797.000 1.206E3 -90.45
798.000 1.207E3 -90.59
799.000 1.208E3 -90.50
800.000 1.209E3 -90.27
801.000 1.210E3 -90.30
802.000 1.211E3 -90.37
803.000 1.212E3 -90.51
804.000 1.213E3 -90.32
805.000 1.214E3 -90.32
806.000 1.215E3 -90.12
807.000 1.216E3 -90.16
808.000 1.217E3 -90.24
809.000 1.219E3 -90.25
810.000 1.219E3 -90.31
811.000 1.220E3 -90.21
812.000 1.222E3 -90.07
813.000 1.223E3 -89.57
814.000 1.224E3 -89.63
815.000 1.225E3 -89.74
816.000 1.226E3 -89.69
817.000 1.227E3 -89.48
818.000 1.228E3 -89.61
819.000 1.230E3 -89.80
820.000 1.231E3 -89.78
821.000 1.232E3 -89.61
822.000 1.234E3 -89.46
823.000 1.235E3 -89.50
824.000 1.236E3 -89.38
825.000 1.237E3 -89.46
826.000 1.238E3 -89.53
827.000 1.240E3 -89.33
828.000 1.241E3 -89.45
829.000 1.242E3 -89.38
830.000 1.243E3 -89.26
831.000 1.245E3 -89.28
832.000 1.246E3 -89.33
833.000 1.247E3 -89.40
834.000 1.248E3 -89.27
835.000 1.250E3 -89.16
836.000 1.251E3 -89.24
837.000 1.252E3 -89.26
838.000 1.253E3 -89.26
839.000 1.255E3 -89.28
840.000 1.256E3 -89.00
841.000 1.257E3 -88.91
842.000 1.258E3 -88.91
843.000 1.259E3 -88.91
844.000 1.260E3 -88.92
845.000 1.262E3 -88.53
846.000 1.263E3 -88.65
847.000 1.264E3 -88.69
848.000 1.265E3 -88.61
849.000 1.267E3 -88.66
850.000 1.268E3 -88.59
851.000 1.269E3 -88.75
852.000 1.270E3 -88.74
853.000 1.271E3 -88.68
854.000 1.272E3 -88.70
855.000 1.274E3 -88.77
856.000 1.275E3 -88.80
857.000 1.276E3 -88.76
858.000 1.277E3 -88.50
859.000 1.278E3 -88.76
860.000 1.279E3 -88.72
861.000 1.280E3 -88.88
862.000 1.281E3 -88.71
863.000 1.283E3 -88.43
864.000 1.284E3 -88.61
865.000 1.285E3 -88.58
866.000 1.286E3 -88.60
867.000 1.287E3 -88.44
868.000 1.288E3 -88.48
869.000 1.289E3 -88.52
870.000 1.290E3 -88.46
871.000 1.291E3 -88.54
872.000 1.292E3 -88.59
873.000 1.293E3 -88.61
874.000 1.294E3 -88.31
875.000 1.295E3 -88.29
876.000 1.296E3 -88.56
877.000 1.297E3 -88.53
878.000 1.298E3 -88.50
879.000 1.299E3 -88.56
880.000 1.300E3 -88.28
881.000 1.301E3 -88.40
882.000 1.302E3 -88.16
883.000 1.303E3 -88.21
884.000 1.303E3 -88.24
885.000 1.304E3 -88.42
886.000 1.305E3 -88.15
887.000 1.306E3 -88.32
888.000 1.307E3 -88.37
889.000 1.307E3 -88.28
890.000 1.308E3 -88.41
891.000 1.309E3 -88.44
892.000 1.310E3 -88.22
893.000 1.310E3 -88.30
894.000 1.311E3 -88.35
895.000 1.312E3 -88.30
896.000 1.313E3 -88.28
897.000 1.313E3 -88.37
898.000 1.314E3 -88.20
899.000 1.314E3 -88.25
900.000 1.315E3 -88.17
901.000 1.315E3 -88.29
902.000 1.316E3 -88.29
903.000 1.317E3 -88.08
904.000 1.317E3 -87.84
905.000 1.318E3 -87.76
906.000 1.318E3 -87.71
907.000 1.318E3 -87.74
908.000 1.319E3 -87.57
909.000 1.319E3 -87.73
910.000 1.320E3 -87.80
911.000 1.320E3 -87.95
912.000 1.320E3 -87.87
913.000 1.321E3 -87.76
914.000 1.321E3 -87.69
915.000 1.321E3 -87.75
916.000 1.322E3 -87.65
917.000 1.322E3 -87.70
918.000 1.322E3 -87.71
919.000 1.323E3 -87.64
920.000 1.323E3 -87.70
921.000 1.323E3 -87.78
922.000 1.323E3 -87.72
923.000 1.324E3 -87.93
924.000 1.323E3 -87.64
925.000 1.323E3 -87.63
926.000 1.324E3 -87.71
927.000 1.324E3 -87.62
928.000 1.324E3 -87.74
929.000 1.324E3 -87.69
930.000 1.324E3 -87.83
931.000 1.324E3 -87.75
932.000 1.324E3 -87.77
933.000 1.324E3 -87.76
934.000 1.324E3 -87.76
935.000 1.323E3 -87.72
936.000 1.323E3 -87.66
937.000 1.323E3 -87.68
938.000 1.323E3 -87.74
939.000 1.323E3 -87.68
940.000 1.323E3 -87.69
941.000 1.322E3 -87.71
942.000 1.322E3 -87.80
943.000 1.322E3 -87.67
944.000 1.321E3 -87.80
945.000 1.321E3 -87.88
946.000 1.321E3 -87.88
947.000 1.321E3 -87.88
948.000 1.320E3 -87.95
949.000 1.320E3 -87.85
950.000 1.319E3 -87.83
951.000 1.319E3 -87.80
952.000 1.319E3 -87.53
953.000 1.318E3 -87.63
954.000 1.318E3 -87.59
955.000 1.317E3 -87.92
956.000 1.317E3 -87.66
957.000 1.316E3 -87.91
958.000 1.316E3 -87.90
959.000 1.315E3 -87.93
960.000 1.315E3 -87.92
961.000 1.314E3 -87.77
962.000 1.313E3 -87.98
963.000 1.313E3 -87.78
964.000 1.312E3 -87.80
965.000 1.311E3 -87.80
966.000 1.311E3 -87.82
967.000 1.310E3 -87.81
968.000 1.309E3 -88.05
969.000 1.309E3 -87.90
970.000 1.308E3 -88.01
971.000 1.307E3 -88.09
972.000 1.306E3 -87.94
973.000 1.305E3 -87.94
974.000 1.305E3 -87.81
975.000 1.304E3 -87.84
976.000 1.303E3 -87.98
977.000 1.302E3 -87.91
978.000 1.301E3 -87.97
979.000 1.301E3 -87.76
980.000 1.300E3 -87.94
981.000 1.299E3 -87.99
982.000 1.298E3 -87.93
983.000 1.297E3 -87.93
984.000 1.296E3 -88.02
985.000 1.295E3 -88.25
986.000 1.294E3 -88.44
987.000 1.293E3 -88.50
988.000 1.292E3 -88.49
989.000 1.291E3 -88.41
990.000 1.291E3 -88.38
991.000 1.289E3 -88.57
992.000 1.288E3 -88.64
993.000 1.287E3 -88.69
994.000 1.286E3 -88.58
995.000 1.285E3 -88.69
996.000 1.284E3 -88.72
997.000 1.283E3 -88.84
998.000 1.282E3 -88.64
999.000 1.281E3 -88.40
1000.000 1.280E3 -88.63
1001.000 1.279E3 -88.63
1002.000 1.277E3 -88.74
1003.000 1.276E3 -88.80
1004.000 1.275E3 -88.78
1005.000 1.274E3 -88.86
1006.000 1.273E3 -88.68
1007.000 1.272E3 -88.70
1008.000 1.271E3 -88.59
1009.000 1.269E3 -88.74
1010.000 1.268E3 -88.77
1011.000 1.267E3 -88.70
1012.000 1.266E3 -88.71
1013.000 1.265E3 -88.81
1014.000 1.264E3 -88.82
1015.000 1.263E3 -88.76
1016.000 1.261E3 -88.66
1017.000 1.260E3 -88.80
1018.000 1.259E3 -88.89
1019.000 1.258E3 -88.91
1020.000 1.257E3 -89.03
1021.000 1.256E3 -88.88
1022.000 1.255E3 -88.74
1023.000 1.253E3 -88.79
1024.000 1.252E3 -88.84
1025.000 1.251E3 -89.00
1026.000 1.250E3 -88.97
1027.000 1.249E3 -88.85
1028.000 1.247E3 -89.07
1029.000 1.246E3 -88.97
1030.000 1.245E3 -89.00
1031.000 1.244E3 -89.11
1032.000 1.243E3 -89.26
1033.000 1.241E3 -89.41
1034.000 1.240E3 -89.49
1035.000 1.239E3 -89.56
1036.000 1.238E3 -89.61
1037.000 1.237E3 -89.43
1038.000 1.236E3 -89.53
1039.000 1.234E3 -89.61
1040.000 1.233E3 -89.82
1041.000 1.232E3 -89.74
1042.000 1.231E3 -89.76
1043.000 1.230E3 -89.81
1044.000 1.229E3 -89.54
1045.000 1.228E3 -89.63
1046.000 1.227E3 -89.55
1047.000 1.225E3 -89.58
1048.000 1.224E3 -89.77
1049.000 1.223E3 -89.75
1050.000 1.222E3 -89.87
1051.000 1.221E3 -89.83
1052.000 1.220E3 -89.88
1053.000 1.219E3 -89.95
1054.000 1.218E3 -89.84
1055.000 1.217E3 -89.88
1056.000 1.216E3 -89.85
1057.000 1.215E3 -89.85
1058.000 1.214E3 -89.95
1059.000 1.213E3 -89.85
1060.000 1.212E3 -90.01
1061.000 1.211E3 -90.27
1062.000 1.210E3 -90.43
1063.000 1.209E3 -90.48
1064.000 1.209E3 -90.24
1065.000 1.208E3 -90.35
1066.000 1.207E3 -90.38
1067.000 1.205E3 -90.47
1068.000 1.204E3 -90.64
1069.000 1.204E3 -90.45
1070.000 1.203E3 -90.47
1071.000 1.202E3 -90.50
1072.000 1.201E3 -90.45
1073.000 1.200E3 -90.41
1074.000 1.199E3 -90.54
1075.000 1.198E3 -90.70
1076.000 1.197E3 -90.56
1077.000 1.196E3 -90.69
1078.000 1.195E3 -90.65
1079.000 1.194E3 -90.88
1080.000 1.194E3 -90.99
1081.000 1.193E3 -90.82
1082.000 1.192E3 -90.70
1083.000 1.191E3 -90.77
1084.000 1.191E3 -90.82
1085.000 1.191E3 -90.61
1086.000 1.190E3 -90.67
1087.000 1.189E3 -91.03
1088.000 1.189E3 -90.83
1089.000 1.188E3 -90.76
1090.000 1.187E3 -91.04
1091.000 1.187E3 -90.86
1092.000 1.186E3 -90.84
1093.000 1.185E3 -90.96
1094.000 1.185E3 -90.83
1095.000 1.184E3 -91.06
1096.000 1.184E3 -91.06
1097.000 1.184E3 -90.82
1098.000 1.183E3 -90.98
1099.000 1.183E3 -90.83
1100.000 1.182E3 -90.95
1101.000 1.182E3 -90.83
1102.000 1.182E3 -90.90
1103.000 1.181E3 -91.08
1104.000 1.181E3 -91.03
1105.000 1.181E3 -90.85
1106.000 1.180E3 -90.87
1107.000 1.180E3 -90.91
1108.000 1.180E3 -90.74
1109.000 1.180E3 -90.74
1110.000 1.179E3 -90.90
1111.000 1.179E3 -90.99
1112.000 1.179E3 -91.00
1113.000 1.179E3 -91.03
1114.000 1.179E3 -90.97
1115.000 1.179E3 -91.03
1116.000 1.179E3 -90.88
1117.000 1.179E3 -90.89
1118.000 1.178E3 -90.92
1119.000 1.179E3 -90.92
1120.000 1.178E3 -90.97
1121.000 1.178E3 -90.96
1122.000 1.179E3 -90.94
1123.000 1.179E3 -90.93
1124.000 1.179E3 -90.94
1125.000 1.179E3 -90.91
1126.000 1.179E3 -90.91
1127.000 1.179E3 -90.92
1128.000 1.179E3 -90.91
1129.000 1.179E3 -90.83
1130.000 1.179E3 -91.01
1131.000 1.179E3 -90.85
1132.000 1.180E3 -90.82
1133.000 1.180E3 -90.81
1134.000 1.180E3 -90.95
1135.000 1.180E3 -90.94
1136.000 1.181E3 -90.85
1137.000 1.181E3 -91.06
1138.000 1.181E3 -91.01
1139.000 1.182E3 -90.83
1140.000 1.182E3 -90.96
1141.000 1.183E3 -90.82
1142.000 1.183E3 -90.89
1143.000 1.183E3 -91.03
1144.000 1.184E3 -90.88
1145.000 1.184E3 -91.13
1146.000 1.185E3 -91.21
1147.000 1.185E3 -91.37
1148.000 1.186E3 -91.32
1149.000 1.186E3 -91.26
1150.000 1.187E3 -91.45
1151.000 1.188E3 -91.15
1152.000 1.188E3 -91.26
1153.000 1.189E3 -91.15
1154.000 1.190E3 -91.13
1155.000 1.191E3 -91.35
1156.000 1.191E3 -90.86
1157.000 1.191E3 -90.86
1158.000 1.192E3 -90.80
1159.000 1.192E3 -91.09
1160.000 1.193E3 -90.94
1161.000 1.193E3 -90.95
1162.000 1.194E3 -90.75
1163.000 1.195E3 -90.78
1164.000 1.196E3 -90.53
1165.000 1.197E3 -90.53
1166.000 1.198E3 -90.50
1167.000 1.199E3 -90.42
1168.000 1.200E3 -90.50
1169.000 1.201E3 -90.46
1170.000 1.202E3 -90.48
1171.000 1.203E3 -90.32
1172.000 1.203E3 -90.36
1173.000 1.204E3 -90.50
1174.000 1.205E3 -90.35
1175.000 1.206E3 -90.36
1176.000 1.207E3 -90.28
1177.000 1.208E3 -90.51
1178.000 1.209E3 -90.27
1179.000 1.210E3 -90.28
1180.000 1.210E3 -90.42
1181.000 1.212E3 -90.33
1182.000 1.212E3 -90.38
1183.000 1.214E3 -90.35
1184.000 1.214E3 -90.27
1185.000 1.216E3 -90.22
1186.000 1.217E3 -90.23
1187.000 1.218E3 -90.15
1188.000 1.218E3 -90.16
1189.000 1.219E3 -90.15
1190.000 1.220E3 -90.15
1191.000 1.221E3 -90.08
1192.000 1.223E3 -89.81
1193.000 1.224E3 -89.55
1194.000 1.225E3 -89.66
1195.000 1.226E3 -89.58
1196.000 1.227E3 -89.54
1197.000 1.228E3 -89.53
1198.000 1.229E3 -89.57
1199.000 1.230E3 -89.65
1200.000 1.231E3 -89.66
1201.000 1.232E3 -89.65
1202.000 1.233E3 -89.55
1203.000 1.234E3 -89.64
1204.000 1.236E3 -89.49
1205.000 1.237E3 -89.28
1206.000 1.238E3 -89.30
1207.000 1.239E3 -89.37
1208.000 1.240E3 -89.33
1209.000 1.241E3 -89.41
1210.000 1.242E3 -89.38
1211.000 1.244E3 -89.41
1212.000 1.244E3 -89.35
1213.000 1.246E3 -89.42
1214.000 1.247E3 -89.40
1215.000 1.248E3 -89.27
1216.000 1.249E3 -89.29
1217.000 1.250E3 -89.03
1218.000 1.251E3 -89.06
1219.000 1.252E3 -88.75
1220.000 1.253E3 -88.82
1221.000 1.254E3 -88.82
1222.000 1.256E3 -88.86
1223.000 1.257E3 -88.83
1224.000 1.258E3 -88.70
1225.000 1.259E3 -88.73
1226.000 1.260E3 -88.70
1227.000 1.261E3 -88.61
1228.000 1.262E3 -88.64
1229.000 1.263E3 -88.62
1230.000 1.264E3 -88.78
1231.000 1.265E3 -88.56
1232.000 1.266E3 -88.70
1233.000 1.267E3 -88.81
1234.000 1.268E3 -88.84
1235.000 1.269E3 -88.69
1236.000 1.270E3 -88.90
1237.000 1.272E3 -88.77
1238.000 1.272E3 -88.78
1239.000 1.274E3 -88.72
1240.000 1.275E3 -88.65
1241.000 1.276E3 -88.55
1242.000 1.277E3 -88.48
1243.000 1.278E3 -88.61
1244.000 1.279E3 -88.65
1245.000 1.280E3 -88.58
1246.000 1.281E3 -88.39
1247.000 1.282E3 -88.33
1248.000 1.282E3 -88.67
1249.000 1.283E3 -88.77
1250.000 1.284E3 -88.65
1251.000 1.285E3 -88.73
1252.000 1.286E3 -88.62
1253.000 1.287E3 -88.66
1254.000 1.288E3 -88.60
1255.000 1.289E3 -88.43
1256.000 1.290E3 -88.34
1257.000 1.291E3 -88.37
1258.000 1.292E3 -88.41
1259.000 1.292E3 -88.45
1260.000 1.293E3 -88.68
1261.000 1.294E3 -88.62
1262.000 1.295E3 -88.54
1263.000 1.296E3 -88.49
1264.000 1.296E3 -88.50
1265.000 1.297E3 -88.63
1266.000 1.298E3 -88.44
1267.000 1.299E3 -88.44
1268.000 1.299E3 -88.46
1269.000 1.300E3 -88.16
1270.000 1.301E3 -88.20
1271.000 1.301E3 -88.39
1272.000 1.302E3 -88.38
1273.000 1.303E3 -88.25
1274.000 1.304E3 -88.18
1275.000 1.304E3 -88.40
1276.000 1.305E3 -88.45
1277.000 1.305E3 -88.45
1278.000 1.306E3 -88.38
1279.000 1.307E3 -88.34
1280.000 1.307E3 -88.26
1281.000 1.307E3 -88.29
1282.000 1.308E3 -88.13
1283.000 1.309E3 -88.18
1284.000 1.309E3 -88.42
1285.000 1.310E3 -88.33
1286.000 1.310E3 -88.30
1287.000 1.310E3 -88.45
1288.000 1.311E3 -88.43
1289.000 1.311E3 -88.41
1290.000 1.312E3 -88.40
1291.000 1.312E3 -88.41
1292.000 1.312E3 -88.46
1293.000 1.313E3 -88.37
1294.000 1.313E3 -88.33
1295.000 1.313E3 -88.39
1296.000 1.313E3 -88.25
1297.000 1.313E3 -88.15
1298.000 1.314E3 -88.20
1299.000 1.314E3 -88.10
1300.000 1.314E3 -88.06
1301.000 1.314E3 -87.80
1302.000 1.314E3 -87.70
1303.000 1.314E3 -87.78
1304.000 1.314E3 -87.82
1305.000 1.314E3 -87.87
1306.000 1.315E3 -87.85
1307.000 1.315E3 -87.80
1308.000 1.315E3 -87.97
1309.000 1.315E3 -87.88
1310.000 1.315E3 -87.85
1311.000 1.315E3 -87.98
1312.000 1.315E3 -87.78
1313.000 1.315E3 -87.71
1314.000 1.315E3 -87.84
1315.000 1.315E3 -87.83
1316.000 1.314E3 -87.91
1317.000 1.314E3 -87.92
1318.000 1.314E3 -87.82
1319.000 1.314E3 -87.97
1320.000 1.314E3 -87.91
1321.000 1.314E3 -87.77
1322.000 1.313E3 -87.87
1323.000 1.313E3 -87.89
1324.000 1.313E3 -87.83
1325.000 1.313E3 -87.66
1326.000 1.312E3 -87.90
1327.000 1.312E3 -87.97
1328.000 1.312E3 -87.79
1329.000 1.311E3 -87.99
1330.000 1.311E3 -87.90
1331.000 1.311E3 -87.81
1332.000 1.310E3 -87.88
1333.000 1.310E3 -87.73
1334.000 1.309E3 -87.91
1335.000 1.309E3 -87.87
1336.000 1.309E3 -87.87
1337.000 1.308E3 -87.92
1338.000 1.308E3 -87.81
1339.000 1.307E3 -88.02
1340.000 1.306E3 -87.76
1341.000 1.306E3 -87.76
1342.000 1.305E3 -87.88
1343.000 1.305E3 -87.74
1344.000 1.304E3 -88.07
1345.000 1.303E3 -87.97
1346.000 1.303E3 -87.87
1347.000 1.302E3 -87.96
1348.000 1.302E3 -87.82
1349.000 1.301E3 -87.90
1350.000 1.300E3 -87.93
1351.000 1.300E3 -88.08
1352.000 1.299E3 -88.19
1353.000 1.298E3 -88.48
1354.000 1.298E3 -88.57
1355.000 1.297E3 -88.32
1356.000 1.296E3 -88.63
1357.000 1.295E3 -88.46
1358.000 1.295E3 -88.41
1359.000 1.294E3 -88.48
1360.000 1.293E3 -88.41
1361.000 1.292E3 -88.56
1362.000 1.291E3 -88.67
1363.000 1.290E3 -88.50
1364.000 1.290E3 -88.63
1365.000 1.289E3 -88.36
1366.000 1.288E3 -88.44
1367.000 1.287E3 -88.52
1368.000 1.286E3 -88.49
1369.000 1.285E3 -88.38
1370.000 1.284E3 -88.61
1371.000 1.283E3 -88.60
1372.000 1.282E3 -88.67
1373.000 1.282E3 -88.54
1374.000 1.280E3 -88.85
1375.000 1.279E3 -88.47
1376.000 1.279E3 -88.64
1377.000 1.277E3 -88.77
1378.000 1.277E3 -88.60
1379.000 1.275E3 -89.03
1380.000 1.275E3 -88.53
1381.000 1.273E3 -88.77
1382.000 1.272E3 -88.88
1383.000 1.271E3 -88.69
1384.000 1.271E3 -88.85
1385.000 1.269E3 -88.78
1386.000 1.268E3 -88.79
1387.000 1.267E3 -88.81
1388.000 1.266E3 -88.59
1389.000 1.265E3 -88.71
1390.000 1.265E3 -88.56
1391.000 1.263E3 -88.64
1392.000 1.262E3 -88.70
1393.000 1.261E3 -88.57
1394.000 1.260E3 -88.99
1395.000 1.259E3 -88.75
1396.000 1.258E3 -88.87
1397.000 1.257E3 -88.76
1398.000 1.256E3 -88.78
1399.000 1.255E3 -88.82
1400.000 1.254E3 -88.82
1401.000 1.253E3 -88.93
1402.000 1.252E3 -88.94
1403.000 1.251E3 -88.81
1404.000 1.250E3 -88.88
1405.000 1.249E3 -88.74
1406.000 1.248E3 -89.12
1407.000 1.246E3 -89.36
1408.000 1.245E3 -89.04
1409.000 1.244E3 -88.98
1410.000 1.243E3 -88.96
1411.000 1.242E3 -88.94
1412.000 1.241E3 -89.00
1413.000 1.240E3 -89.02
1414.000 1.239E3 -89.18
1415.000 1.238E3 -89.31
1416.000 1.237E3 -89.48
1417.000 1.236E3 -89.88
1418.000 1.235E3 -89.59
1419.000 1.234E3 -89.66
1420.000 1.233E3 -89.64
1421.000 1.232E3 -89.57
1422.000 1.231E3 -89.55
1423.000 1.229E3 -89.53
1424.000 1.228E3 -89.81
1425.000 1.227E3 -89.68
1426.000 1.227E3 -89.70
1427.000 1.225E3 -89.64
1428.000 1.224E3 -89.56
1429.000 1.223E3 -89.65
1430.000 1.222E3 -89.61
1431.000 1.222E3 -89.61
1432.000 1.220E3 -89.66
1433.000 1.219E3 -89.54
1434.000 1.219E3 -89.85
1435.000 1.218E3 -89.78
1436.000 1.217E3 -89.80
1437.000 1.216E3 -89.71
1438.000 1.215E3 -89.74
1439.000 1.214E3 -90.08
1440.000 1.213E3 -89.71
1441.000 1.212E3 -90.03
1442.000 1.211E3 -90.07
1443.000 1.210E3 -89.98
1444.000 1.210E3 -90.06
1445.000 1.209E3 -89.89
1446.000 1.208E3 -89.96
1447.000 1.207E3 -89.82
1448.000 1.206E3 -89.87
1449.000 1.205E3 -90.03
1450.000 1.204E3 -89.91
1451.000 1.204E3 -89.82
1452.000 1.203E3 -90.16
1453.000 1.203E3 -90.36
1454.000 1.202E3 -90.46
1455.000 1.201E3 -90.52
1456.000 1.200E3 -90.54
1457.000 1.199E3 -90.74
1458.000 1.199E3 -90.56
1459.000 1.198E3 -90.71
1460.000 1.197E3 -90.67
1461.000 1.196E3 -90.73
1462.000 1.195E3 -90.99
1463.000 1.195E3 -90.68
1464.000 1.194E3 -90.98
1465.000 1.193E3 -90.82
1466.000 1.193E3 -90.69
1467.000 1.192E3 -90.92
1468.000 1.192E3 -90.85
1469.000 1.192E3 -90.69
1470.000 1.191E3 -90.66
1471.000 1.191E3 -90.69
1472.000 1.190E3 -90.86
1473.000 1.190E3 -90.66
1474.000 1.189E3 -90.97
1475.000 1.189E3 -90.81
1476.000 1.188E3 -90.82
1477.000 1.188E3 -90.72
1478.000 1.187E3 -90.83
1479.000 1.187E3 -90.91
1480.000 1.186E3 -90.91
1481.000 1.186E3 -90.78
1482.000 1.185E3 -90.97
1483.000 1.185E3 -90.85
1484.000 1.185E3 -91.17
1485.000 1.185E3 -91.24
1486.000 1.185E3 -91.40
1487.000 1.184E3 -91.41
1488.000 1.184E3 -91.20
1489.000 1.184E3 -91.39
1490.000 1.184E3 -91.37
1491.000 1.184E3 -91.30
1492.000 1.184E3 -91.36
1493.000 1.184E3 -91.22
1494.000 1.183E3 -91.33
1495.000 1.183E3 -91.28
1496.000 1.183E3 -91.33
1497.000 1.183E3 -91.41
1498.000 1.183E3 -91.33
1499.000 1.183E3 -91.40
1500.000 1.183E3 -91.20
1501.000 1.183E3 -91.26
1502.000 1.183E3 -91.48
1503.000 1.183E3 -91.30
1504.000 1.183E3 -91.41
1505.000 1.183E3 -91.28
1506.000 1.183E3 -91.31
1507.000 1.183E3 -91.33
1508.000 1.184E3 -91.30
1509.000 1.184E3 -91.37
1510.000 1.184E3 -91.16
1511.000 1.184E3 -91.19
1512.000 1.184E3 -91.32
1513.000 1.184E3 -91.20
1514.000 1.185E3 -91.51
1515.000 1.185E3 -91.32
1516.000 1.185E3 -91.28
1517.000 1.185E3 -91.35
1518.000 1.186E3 -91.23
1519.000 1.186E3 -91.30
1520.000 1.186E3 -91.31
1521.000 1.187E3 -91.22
1522.000 1.187E3 -91.30
1523.000 1.188E3 -90.97
1524.000 1.188E3 -90.79
1525.000 1.188E3 -90.86
1526.000 1.189E3 -90.74
1527.000 1.189E3 -91.02
1528.000 1.190E3 -90.63
1529.000 1.191E3 -90.67
1530.000 1.191E3 -90.67
1531.000 1.192E3 -90.44
1532.000 1.192E3 -90.78
1533.000 1.192E3 -90.88
1534.000 1.193E3 -90.85
1535.000 1.193E3 -90.79
1536.000 1.194E3 -90.73
1537.000 1.194E3 -90.84
1538.000 1.195E3 -90.66
1539.000 1.195E3 -90.75
1540.000 1.196E3 -90.49
1541.000 1.198E3 -90.38
1542.000 1.199E3 -90.55
1543.000 1.199E3 -90.45
1544.000 1.200E3 -90.51
1545.000 1.201E3 -90.39
1546.000 1.201E3 -90.43
1547.000 1.202E3 -90.52
1548.000 1.203E3 -90.39
1549.000 1.204E3 -90.31
1550.000 1.204E3 -90.27
1551.000 1.205E3 -90.34
1552.000 1.206E3 -90.30
1553.000 1.207E3 -90.18
1554.000 1.208E3 -90.65
1555.000 1.208E3 -90.38
1556.000 1.209E3 -90.30
1557.000 1.210E3 -90.34
1558.000 1.211E3 -90.29
1559.000 1.212E3 -90.37
1560.000 1.213E3 -90.17
1561.000 1.214E3 -90.24
1562.000 1.214E3 -90.24
1563.000 1.215E3 -90.05
1564.000 1.216E3 -89.80
1565.000 1.217E3 -89.73
1566.000 1.218E3 -89.70
1567.000 1.219E3 -89.78
1568.000 1.219E3 -89.58
1569.000 1.221E3 -89.69
1570.000 1.221E3 -89.65
1571.000 1.223E3 -89.63
1572.000 1.223E3 -89.72
1573.000 1.224E3 -89.47
1574.000 1.225E3 -89.55
1575.000 1.226E3 -89.57
1576.000 1.228E3 -89.47
1577.000 1.228E3 -89.62
1578.000 1.229E3 -89.57
1579.000 1.230E3 -89.63
1580.000 1.231E3 -89.50
1581.000 1.232E3 -89.44
1582.000 1.233E3 -89.62
1583.000 1.234E3 -89.52
1584.000 1.235E3 -89.48
1585.000 1.236E3 -89.45
1586.000 1.237E3 -89.11
1587.000 1.238E3 -89.37
1588.000 1.240E3 -89.35
1589.000 1.240E3 -89.42
1590.000 1.241E3 -89.37
1591.000 1.242E3 -89.07
1592.000 1.243E3 -89.04
1593.000 1.244E3 -88.62
1594.000 1.245E3 -89.05
1595.000 1.246E3 -89.12
1596.000 1.247E3 -89.07
1597.000 1.248E3 -88.82
1598.000 1.249E3 -88.59
1599.000 1.251E3 -88.71
1600.000 1.251E3 -88.80
1601.000 1.253E3 -88.69
1602.000 1.254E3 -88.84
1603.000 1.255E3 -88.68
1604.000 1.256E3 -88.78
1605.000 1.257E3 -88.81
1606.000 1.257E3 -88.76
1607.000 1.259E3 -88.93
1608.000 1.259E3 -88.69
1609.000 1.261E3 -88.73
1610.000 1.261E3 -88.73
1611.000 1.263E3 -88.36
1612.000 1.263E3 -88.55
1613.000 1.264E3 -88.46
1614.000 1.265E3 -88.59
1615.000 1.266E3 -88.64
1616.000 1.267E3 -88.64
1617.000 1.268E3 -88.93
1618.000 1.269E3 -88.69
1619.000 1.270E3 -88.65
1620.000 1.271E3 -88.66
1621.000 1.272E3 -88.69
1622.000 1.273E3 -88.83
1623.000 1.274E3 -88.67
1624.000 1.275E3 -88.70
1625.000 1.276E3 -88.66
1626.000 1.277E3 -88.50
1627.000 1.277E3 -88.65
1628.000 1.278E3 -88.69
1629.000 1.279E3 -88.56
1630.000 1.280E3 -88.61
1631.000 1.281E3 -88.36
1632.000 1.282E3 -88.44
1633.000 1.283E3 -88.42
1634.000 1.283E3 -88.56
1635.000 1.284E3 -88.53
1636.000 1.285E3 -88.39
1637.000 1.286E3 -88.52
1638.000 1.286E3 -88.59
1639.000 1.287E3 -88.57
1640.000 1.288E3 -88.58
1641.000 1.289E3 -88.46
1642.000 1.290E3 -88.46
1643.000 1.290E3 -88.50
1644.000 1.291E3 -88.51
1645.000 1.291E3 -88.54
1646.000 1.292E3 -88.50
1647.000 1.293E3 -88.65
1648.000 1.294E3 -88.21
1649.000 1.294E3 -88.31
1650.000 1.295E3 -88.43
1651.000 1.296E3 -88.33
1652.000 1.296E3 -88.44
1653.000 1.297E3 -88.26
1654.000 1.297E3 -88.29
1655.000 1.298E3 -88.39
1656.000 1.298E3 -88.34
1657.000 1.299E3 -88.63
1658.000 1.300E3 -88.38
1659.000 1.300E3 -88.38
1660.000 1.301E3 -88.31
1661.000 1.301E3 -88.38
1662.000 1.301E3 -88.44
1663.000 1.302E3 -88.32
1664.000 1.302E3 -88.32
1665.000 1.302E3 -88.21
1666.000 1.303E3 -88.10
1667.000 1.303E3 -88.24
1668.000 1.304E3 -88.19
1669.000 1.304E3 -88.26
1670.000 1.304E3 -88.24
1671.000 1.305E3 -88.01
1672.000 1.305E3 -87.85
1673.000 1.305E3 -87.72
1674.000 1.305E3 -87.93
1675.000 1.306E3 -87.85
1676.000 1.306E3 -87.75
1677.000 1.306E3 -87.91
1678.000 1.306E3 -87.82
1679.000 1.306E3 -87.91
1680.000 1.307E3 -87.97
1681.000 1.307E3 -87.58
1682.000 1.307E3 -87.82
1683.000 1.307E3 -87.69
1684.000 1.307E3 -87.78
1685.000 1.307E3 -88.06
1686.000 1.307E3 -87.89
1687.000 1.307E3 -87.95
1688.000 1.307E3 -87.80
1689.000 1.307E3 -87.84
1690.000 1.307E3 -88.01
1691.000 1.307E3 -87.84
1692.000 1.307E3 -88.04
1693.000 1.307E3 -87.66
1694.000 1.308E3 -87.83
1695.000 1.307E3 -87.86
1696.000 1.307E3 -87.88
1697.000 1.307E3 -88.09
1698.000 1.307E3 -87.93
1699.000 1.307E3 -87.98
1700.000 1.307E3 -87.86
1701.000 1.307E3 -87.81
1702.000 1.306E3 -87.99
1703.000 1.306E3 -87.86
1704.000 1.306E3 -87.83
1705.000 1.306E3 -87.82
1706.000 1.305E3 -87.82
1707.000 1.305E3 -87.99
1708.000 1.305E3 -87.84
1709.000 1.305E3 -87.69
1710.000 1.304E3 -87.92
1711.000 1.304E3 -87.75
1712.000 1.304E3 -87.98
1713.000 1.303E3 -88.00
1714.000 1.303E3 -87.97
1715.000 1.302E3 -88.08
1716.000 1.302E3 -87.85
1717.000 1.301E3 -88.07
1718.000 1.301E3 -87.91
1719.000 1.300E3 -88.00
1720.000 1.300E3 -88.05
1721.000 1.300E3 -87.90
1722.000 1.299E3 -88.08
1723.000 1.299E3 -87.96
1724.000 1.298E3 -87.89
1725.000 1.297E3 -88.01
1726.000 1.297E3 -87.84
1727.000 1.296E3 -88.15
1728.000 1.296E3 -88.12
1729.000 1.295E3 -88.35
1730.000 1.295E3 -88.46
1731.000 1.294E3 -88.46
1732.000 1.294E3 -88.56
1733.000 1.293E3 -88.45
1734.000 1.292E3 -88.48
1735.000 1.291E3 -88.62
1736.000 1.291E3 -88.43
1737.000 1.290E3 -88.58
1738.000 1.290E3 -88.37
1739.000 1.289E3 -88.31
1740.000 1.288E3 -88.49
1741.000 1.287E3 -88.45
1742.000 1.286E3 -88.78
1743.000 1.285E3 -88.43
1744.000 1.285E3 -88.43
1745.000 1.284E3 -88.46
1746.000 1.283E3 -88.46
1747.000 1.282E3 -88.59
1748.000 1.281E3 -88.58
1749.000 1.280E3 -88.52
1750.000 1.280E3 -88.72
1751.000 1.279E3 -88.48
1752.000 1.278E3 -88.73
1753.000 1.277E3 -88.62
1754.000 1.276E3 -88.71
1755.000 1.275E3 -88.67
1756.000 1.275E3 -88.55
1757.000 1.274E3 -88.71
1758.000 1.273E3 -88.65
1759.000 1.272E3 -88.60
1760.000 1.271E3 -88.68
1761.000 1.270E3 -88.62
1762.000 1.269E3 -88.98
1763.000 1.268E3 -88.80
1764.000 1.267E3 -88.70
1765.000 1.266E3 -88.88
1766.000 1.266E3 -88.49
1767.000 1.265E3 -88.57
1768.000 1.264E3 -88.53
1769.000 1.263E3 -88.63
1770.000 1.262E3 -88.69
1771.000 1.261E3 -88.81
1772.000 1.260E3 -89.08
1773.000 1.259E3 -88.76
1774.000 1.258E3 -88.73
1775.000 1.257E3 -88.78
1776.000 1.256E3 -88.80
1777.000 1.255E3 -88.95
1778.000 1.254E3 -88.83
1779.000 1.253E3 -88.68
1780.000 1.252E3 -88.82
1781.000 1.251E3 -88.73
1782.000 1.250E3 -88.90
1783.000 1.249E3 -88.83
1784.000 1.248E3 -88.89
1785.000 1.247E3 -89.06
1786.000 1.246E3 -88.81
1787.000 1.245E3 -88.91
1788.000 1.244E3 -88.84
1789.000 1.243E3 -88.87
1790.000 1.242E3 -88.97
1791.000 1.241E3 -88.85
1792.000 1.240E3 -89.03
1793.000 1.239E3 -89.11
1794.000 1.238E3 -89.40
1795.000 1.238E3 -89.49
1796.000 1.237E3 -89.38
1797.000 1.235E3 -89.71
1798.000 1.235E3 -89.57
1799.000 1.233E3 -89.52
1800.000 1.232E3 -89.64
1801.000 1.232E3 -89.34
1802.000 1.231E3 -89.49
1803.000 1.230E3 -89.50
1804.000 1.229E3 -89.62
1805.000 1.228E3 -89.58
1806.000 1.227E3 -89.56
1807.000 1.226E3 -89.60
1808.000 1.225E3 -89.50
1809.000 1.224E3 -89.46
1810.000 1.223E3 -89.55
1811.000 1.222E3 -89.64
1812.000 1.222E3 -89.63
1813.000 1.221E3 -89.65
1814.000 1.220E3 -89.68
1815.000 1.219E3 -89.67
1816.000 1.218E3 -89.71
1817.000 1.217E3 -89.90
1818.000 1.217E3 -89.78
1819.000 1.216E3 -89.64
1820.000 1.215E3 -89.96
1821.000 1.214E3 -89.79
1822.000 1.213E3 -90.08
1823.000 1.212E3 -89.94
1824.000 1.212E3 -89.87
1825.000 1.211E3 -90.08
1826.000 1.210E3 -89.97
1827.000 1.209E3 -89.97
1828.000 1.209E3 -89.92
1829.000 1.208E3 -89.96
1830.000 1.207E3 -90.08
1831.000 1.207E3 -89.84
1832.000 1.206E3 -89.86
1833.000 1.205E3 -89.89
1834.000 1.204E3 -89.94
1835.000 1.204E3 -90.01
1836.000 1.203E3 -90.04
1837.000 1.203E3 -90.17
1838.000 1.202E3 -90.45
1839.000 1.201E3 -90.48
1840.000 1.201E3 -90.51
1841.000 1.200E3 -90.43
1842.000 1.200E3 -90.50
1843.000 1.199E3 -90.53
1844.000 1.198E3 -90.65
1845.000 1.197E3 -90.79
1846.000 1.196E3 -90.80
1847.000 1.196E3 -90.71
1848.000 1.195E3 -90.65
1849.000 1.194E3 -90.83
1850.000 1.194E3 -90.85
1851.000 1.193E3 -90.80
1852.000 1.193E3 -90.80
1853.000 1.193E3 -90.66
1854.000 1.192E3 -90.66
1855.000 1.192E3 -91.02
1856.000 1.192E3 -90.58
1857.000 1.192E3 -90.82
1858.000 1.191E3 -90.64
1859.000 1.191E3 -90.74
1860.000 1.191E3 -90.66
1861.000 1.190E3 -90.66
1862.000 1.190E3 -90.87
1863.000 1.190E3 -90.69
1864.000 1.190E3 -90.85
1865.000 1.189E3 -90.87
