 Masse A  
t x y 
0.000 1.296E3 -90.35
1.000 1.295E3 -90.41
2.000 1.295E3 -90.59
3.000 1.294E3 -90.37
4.000 1.294E3 -90.55
5.000 1.293E3 -90.39
6.000 1.293E3 -90.37
7.000 1.292E3 -90.47
8.000 1.291E3 -90.26
9.000 1.291E3 -90.58
10.000 1.290E3 -90.34
11.000 1.289E3 -90.36
12.000 1.289E3 -90.39
13.000 1.288E3 -90.35
14.000 1.287E3 -90.51
15.000 1.286E3 -90.58
16.000 1.285E3 -90.57
17.000 1.284E3 -90.67
18.000 1.283E3 -90.43
19.000 1.283E3 -90.68
20.000 1.282E3 -90.54
21.000 1.281E3 -90.52
22.000 1.280E3 -90.68
23.000 1.279E3 -90.56
24.000 1.277E3 -90.84
25.000 1.276E3 -90.58
26.000 1.275E3 -90.51
27.000 1.274E3 -90.63
28.000 1.273E3 -90.41
29.000 1.272E3 -90.79
30.000 1.271E3 -90.73
31.000 1.269E3 -90.58
32.000 1.268E3 -90.96
33.000 1.267E3 -90.87
34.000 1.266E3 -91.05
35.000 1.264E3 -91.03
36.000 1.263E3 -91.06
37.000 1.262E3 -91.29
38.000 1.260E3 -91.14
39.000 1.259E3 -91.29
40.000 1.258E3 -91.27
41.000 1.256E3 -91.26
42.000 1.255E3 -91.36
43.000 1.253E3 -91.13
44.000 1.252E3 -91.34
45.000 1.250E3 -91.31
46.000 1.249E3 -91.23
47.000 1.247E3 -91.71
48.000 1.246E3 -91.24
49.000 1.244E3 -91.58
50.000 1.243E3 -91.46
51.000 1.241E3 -91.31
52.000 1.240E3 -91.76
53.000 1.238E3 -91.47
54.000 1.236E3 -92.00
55.000 1.234E3 -92.22
56.000 1.233E3 -91.93
57.000 1.231E3 -92.15
58.000 1.229E3 -92.05
59.000 1.228E3 -92.24
60.000 1.226E3 -92.14
61.000 1.225E3 -92.20
62.000 1.223E3 -92.45
63.000 1.221E3 -92.37
64.000 1.219E3 -92.32
65.000 1.217E3 -92.39
66.000 1.216E3 -92.44
67.000 1.214E3 -92.64
68.000 1.212E3 -92.46
69.000 1.210E3 -92.64
70.000 1.209E3 -92.44
71.000 1.207E3 -92.64
72.000 1.205E3 -92.54
73.000 1.203E3 -92.43
74.000 1.201E3 -92.49
75.000 1.199E3 -92.69
76.000 1.197E3 -92.82
77.000 1.195E3 -92.96
78.000 1.193E3 -93.36
79.000 1.192E3 -93.46
80.000 1.189E3 -93.49
81.000 1.187E3 -93.17
82.000 1.185E3 -93.47
83.000 1.183E3 -93.23
84.000 1.181E3 -93.33
85.000 1.179E3 -93.28
86.000 1.177E3 -93.29
87.000 1.175E3 -93.72
88.000 1.174E3 -93.43
89.000 1.172E3 -93.53
90.000 1.170E3 -93.59
91.000 1.168E3 -93.54
92.000 1.166E3 -93.97
93.000 1.164E3 -93.85
94.000 1.163E3 -93.80
95.000 1.161E3 -93.75
96.000 1.159E3 -93.59
97.000 1.157E3 -93.71
98.000 1.155E3 -93.35
99.000 1.153E3 -93.72
100.000 1.151E3 -93.95
101.000 1.150E3 -94.01
102.000 1.148E3 -94.35
103.000 1.146E3 -94.06
104.000 1.144E3 -94.35
105.000 1.142E3 -94.13
106.000 1.141E3 -94.07
107.000 1.139E3 -94.28
108.000 1.137E3 -94.15
109.000 1.135E3 -94.37
110.000 1.134E3 -94.19
111.000 1.132E3 -94.16
112.000 1.130E3 -94.76
113.000 1.129E3 -94.44
114.000 1.127E3 -94.66
115.000 1.125E3 -94.64
116.000 1.123E3 -94.42
117.000 1.122E3 -94.71
118.000 1.120E3 -94.51
119.000 1.118E3 -94.62
120.000 1.117E3 -94.66
121.000 1.115E3 -94.43
122.000 1.114E3 -94.58
123.000 1.112E3 -94.67
124.000 1.111E3 -94.70
125.000 1.109E3 -94.79
126.000 1.108E3 -94.71
127.000 1.106E3 -95.21
128.000 1.105E3 -95.13
129.000 1.103E3 -95.25
130.000 1.102E3 -95.26
131.000 1.100E3 -95.16
132.000 1.099E3 -95.44
133.000 1.098E3 -95.30
134.000 1.096E3 -95.40
135.000 1.095E3 -95.56
136.000 1.094E3 -95.09
137.000 1.092E3 -95.65
138.000 1.091E3 -95.19
139.000 1.090E3 -95.38
140.000 1.089E3 -95.46
141.000 1.088E3 -95.37
142.000 1.086E3 -95.57
143.000 1.085E3 -95.44
144.000 1.084E3 -95.58
145.000 1.083E3 -95.52
146.000 1.082E3 -95.33
147.000 1.081E3 -95.49
148.000 1.080E3 -95.39
149.000 1.079E3 -95.49
150.000 1.078E3 -95.44
151.000 1.077E3 -95.42
152.000 1.075E3 -95.73
153.000 1.075E3 -95.42
154.000 1.074E3 -95.72
155.000 1.073E3 -95.70
156.000 1.072E3 -95.59
157.000 1.071E3 -95.95
158.000 1.070E3 -96.12
159.000 1.070E3 -96.26
160.000 1.069E3 -96.34
161.000 1.068E3 -96.24
162.000 1.068E3 -96.42
163.000 1.067E3 -96.37
164.000 1.067E3 -96.30
165.000 1.066E3 -96.45
166.000 1.066E3 -95.88
167.000 1.065E3 -96.33
168.000 1.064E3 -96.22
169.000 1.064E3 -96.20
170.000 1.063E3 -96.42
171.000 1.063E3 -96.03
172.000 1.062E3 -96.35
173.000 1.062E3 -96.30
174.000 1.062E3 -96.24
175.000 1.062E3 -96.51
176.000 1.061E3 -96.32
177.000 1.061E3 -96.45
178.000 1.061E3 -96.15
179.000 1.061E3 -96.39
180.000 1.061E3 -96.41
181.000 1.060E3 -96.31
182.000 1.060E3 -96.52
183.000 1.060E3 -96.28
184.000 1.060E3 -96.22
185.000 1.060E3 -96.52
186.000 1.060E3 -96.33
187.000 1.060E3 -96.63
188.000 1.060E3 -96.33
189.000 1.060E3 -96.28
190.000 1.061E3 -96.36
191.000 1.061E3 -96.31
192.000 1.061E3 -96.57
193.000 1.061E3 -96.42
194.000 1.061E3 -96.28
195.000 1.061E3 -96.33
196.000 1.061E3 -96.13
197.000 1.062E3 -96.54
198.000 1.062E3 -96.40
199.000 1.062E3 -96.23
200.000 1.063E3 -96.24
201.000 1.063E3 -96.09
202.000 1.064E3 -96.36
203.000 1.064E3 -96.20
204.000 1.065E3 -96.25
205.000 1.065E3 -96.27
206.000 1.065E3 -95.81
207.000 1.066E3 -96.19
208.000 1.067E3 -96.18
209.000 1.067E3 -96.33
210.000 1.068E3 -96.37
211.000 1.069E3 -95.95
212.000 1.069E3 -96.29
213.000 1.070E3 -96.22
214.000 1.071E3 -95.95
215.000 1.072E3 -96.28
216.000 1.073E3 -95.92
217.000 1.073E3 -96.14
218.000 1.074E3 -95.91
219.000 1.075E3 -95.63
220.000 1.076E3 -95.81
221.000 1.077E3 -95.33
222.000 1.078E3 -95.48
223.000 1.079E3 -95.25
224.000 1.080E3 -95.33
225.000 1.081E3 -95.58
226.000 1.082E3 -95.35
227.000 1.083E3 -95.60
228.000 1.084E3 -95.34
229.000 1.085E3 -95.37
230.000 1.086E3 -95.51
231.000 1.088E3 -95.34
232.000 1.089E3 -95.48
233.000 1.090E3 -95.37
234.000 1.091E3 -95.26
235.000 1.092E3 -95.43
236.000 1.094E3 -95.11
237.000 1.095E3 -95.56
238.000 1.096E3 -95.43
239.000 1.098E3 -95.32
240.000 1.099E3 -95.32
241.000 1.100E3 -95.21
242.000 1.101E3 -95.31
243.000 1.103E3 -95.29
244.000 1.104E3 -95.05
245.000 1.105E3 -95.41
246.000 1.107E3 -95.20
247.000 1.108E3 -95.09
248.000 1.110E3 -94.94
249.000 1.111E3 -94.95
250.000 1.113E3 -95.21
251.000 1.114E3 -94.75
252.000 1.115E3 -94.61
253.000 1.117E3 -94.53
254.000 1.118E3 -94.44
255.000 1.120E3 -94.69
256.000 1.121E3 -94.49
257.000 1.123E3 -94.63
258.000 1.125E3 -94.61
259.000 1.126E3 -94.34
260.000 1.128E3 -94.58
261.000 1.129E3 -94.40
262.000 1.131E3 -94.39
263.000 1.133E3 -94.11
264.000 1.134E3 -94.10
265.000 1.136E3 -94.51
266.000 1.137E3 -94.12
267.000 1.139E3 -94.25
268.000 1.141E3 -94.34
269.000 1.142E3 -93.83
270.000 1.144E3 -94.05
271.000 1.145E3 -94.11
272.000 1.147E3 -94.41
273.000 1.149E3 -94.29
274.000 1.150E3 -94.08
275.000 1.152E3 -94.18
276.000 1.154E3 -93.79
277.000 1.155E3 -93.73
278.000 1.157E3 -93.66
279.000 1.158E3 -93.66
280.000 1.160E3 -93.94
281.000 1.162E3 -93.70
282.000 1.163E3 -93.64
283.000 1.165E3 -93.56
284.000 1.167E3 -93.57
285.000 1.168E3 -93.81
286.000 1.170E3 -93.33
287.000 1.172E3 -93.44
288.000 1.173E3 -93.45
289.000 1.175E3 -93.40
290.000 1.176E3 -93.52
291.000 1.178E3 -93.01
292.000 1.180E3 -93.29
293.000 1.181E3 -93.26
294.000 1.183E3 -93.27
295.000 1.184E3 -93.60
296.000 1.186E3 -93.17
297.000 1.188E3 -93.51
298.000 1.190E3 -93.47
299.000 1.191E3 -93.09
300.000 1.193E3 -93.42
301.000 1.194E3 -93.21
302.000 1.196E3 -93.60
303.000 1.197E3 -93.16
304.000 1.199E3 -92.77
305.000 1.201E3 -92.70
306.000 1.202E3 -92.58
307.000 1.204E3 -92.73
308.000 1.206E3 -92.65
309.000 1.207E3 -92.35
310.000 1.208E3 -92.66
311.000 1.210E3 -92.48
312.000 1.211E3 -92.68
313.000 1.213E3 -92.59
314.000 1.214E3 -92.39
315.000 1.215E3 -92.57
316.000 1.216E3 -92.20
317.000 1.218E3 -92.45
318.000 1.219E3 -92.39
319.000 1.220E3 -92.36
320.000 1.221E3 -92.31
321.000 1.223E3 -91.83
322.000 1.224E3 -92.03
323.000 1.225E3 -92.14
324.000 1.227E3 -92.01
325.000 1.228E3 -92.26
326.000 1.229E3 -91.92
327.000 1.230E3 -91.98
328.000 1.231E3 -92.09
329.000 1.233E3 -91.98
330.000 1.234E3 -92.16
331.000 1.234E3 -91.79
332.000 1.236E3 -92.09
333.000 1.237E3 -91.86
334.000 1.238E3 -91.69
335.000 1.239E3 -92.01
336.000 1.239E3 -91.75
337.000 1.240E3 -91.86
338.000 1.241E3 -91.60
339.000 1.242E3 -91.40
340.000 1.243E3 -91.56
341.000 1.244E3 -91.21
342.000 1.245E3 -91.55
343.000 1.245E3 -91.26
344.000 1.246E3 -91.32
345.000 1.247E3 -91.49
346.000 1.248E3 -91.07
347.000 1.248E3 -91.64
348.000 1.249E3 -91.30
349.000 1.249E3 -91.17
350.000 1.250E3 -91.39
351.000 1.250E3 -90.91
352.000 1.251E3 -91.30
353.000 1.252E3 -91.25
354.000 1.252E3 -91.26
355.000 1.253E3 -91.34
356.000 1.253E3 -91.27
357.000 1.254E3 -91.25
358.000 1.254E3 -91.19
359.000 1.254E3 -91.20
360.000 1.255E3 -91.29
361.000 1.255E3 -91.14
362.000 1.256E3 -91.29
363.000 1.256E3 -91.03
364.000 1.256E3 -91.00
365.000 1.256E3 -91.35
366.000 1.256E3 -91.01
367.000 1.257E3 -91.07
368.000 1.257E3 -91.09
369.000 1.257E3 -91.17
370.000 1.257E3 -91.26
371.000 1.257E3 -91.10
372.000 1.257E3 -91.20
373.000 1.257E3 -91.14
374.000 1.257E3 -91.14
375.000 1.257E3 -91.28
376.000 1.257E3 -91.19
377.000 1.257E3 -91.24
378.000 1.257E3 -91.28
379.000 1.256E3 -91.13
380.000 1.256E3 -91.31
381.000 1.256E3 -91.17
382.000 1.256E3 -91.21
383.000 1.256E3 -91.24
384.000 1.255E3 -90.98
385.000 1.255E3 -91.25
386.000 1.254E3 -91.20
387.000 1.254E3 -91.24
388.000 1.254E3 -91.23
389.000 1.253E3 -91.16
390.000 1.253E3 -91.42
391.000 1.253E3 -91.03
392.000 1.252E3 -91.35
393.000 1.252E3 -91.36
394.000 1.251E3 -90.96
395.000 1.250E3 -91.49
396.000 1.250E3 -91.04
397.000 1.249E3 -91.26
398.000 1.249E3 -91.28
399.000 1.248E3 -91.04
400.000 1.247E3 -91.40
401.000 1.247E3 -91.33
402.000 1.246E3 -91.49
403.000 1.245E3 -91.62
404.000 1.245E3 -91.25
405.000 1.244E3 -91.58
406.000 1.243E3 -91.41
407.000 1.242E3 -91.44
408.000 1.241E3 -91.59
409.000 1.240E3 -91.44
410.000 1.239E3 -91.78
411.000 1.238E3 -91.41
412.000 1.237E3 -91.52
413.000 1.236E3 -91.83
414.000 1.235E3 -91.67
415.000 1.234E3 -91.99
416.000 1.233E3 -91.96
417.000 1.232E3 -92.06
418.000 1.231E3 -92.24
419.000 1.230E3 -91.87
420.000 1.229E3 -92.29
421.000 1.227E3 -92.11
422.000 1.226E3 -92.15
423.000 1.225E3 -92.23
424.000 1.224E3 -92.23
425.000 1.223E3 -92.37
426.000 1.222E3 -92.21
427.000 1.220E3 -92.33
428.000 1.219E3 -92.40
429.000 1.218E3 -92.06
430.000 1.217E3 -92.61
431.000 1.215E3 -92.36
432.000 1.214E3 -92.63
433.000 1.212E3 -92.92
434.000 1.211E3 -92.57
435.000 1.210E3 -92.62
436.000 1.209E3 -92.38
437.000 1.207E3 -92.62
438.000 1.206E3 -92.81
439.000 1.204E3 -92.70
440.000 1.203E3 -92.73
441.000 1.201E3 -92.74
442.000 1.200E3 -92.73
443.000 1.198E3 -92.91
444.000 1.196E3 -92.96
445.000 1.195E3 -93.50
446.000 1.194E3 -93.15
447.000 1.192E3 -93.43
448.000 1.191E3 -93.64
449.000 1.189E3 -93.24
450.000 1.187E3 -93.33
451.000 1.185E3 -93.29
452.000 1.183E3 -93.31
453.000 1.182E3 -93.29
454.000 1.180E3 -93.17
455.000 1.179E3 -93.30
456.000 1.177E3 -93.37
457.000 1.175E3 -93.59
458.000 1.174E3 -93.64
459.000 1.173E3 -93.34
460.000 1.171E3 -93.80
461.000 1.169E3 -93.69
462.000 1.168E3 -93.55
463.000 1.166E3 -93.71
464.000 1.164E3 -93.62
465.000 1.163E3 -93.81
466.000 1.161E3 -93.61
467.000 1.160E3 -93.65
468.000 1.158E3 -93.72
469.000 1.156E3 -93.56
470.000 1.155E3 -93.73
471.000 1.153E3 -93.94
472.000 1.152E3 -94.01
473.000 1.150E3 -94.36
474.000 1.148E3 -94.16
475.000 1.147E3 -94.21
476.000 1.145E3 -94.24
477.000 1.144E3 -94.10
478.000 1.142E3 -94.20
479.000 1.140E3 -94.15
480.000 1.139E3 -94.13
481.000 1.137E3 -94.21
482.000 1.136E3 -94.29
483.000 1.134E3 -94.35
484.000 1.133E3 -94.12
485.000 1.131E3 -94.38
486.000 1.130E3 -94.61
487.000 1.128E3 -94.35
488.000 1.127E3 -94.77
489.000 1.125E3 -94.66
490.000 1.124E3 -94.71
491.000 1.122E3 -94.56
492.000 1.121E3 -94.44
493.000 1.119E3 -94.77
494.000 1.118E3 -94.50
495.000 1.116E3 -94.75
496.000 1.115E3 -94.59
497.000 1.114E3 -94.52
498.000 1.112E3 -94.75
499.000 1.111E3 -94.59
500.000 1.109E3 -94.72
501.000 1.108E3 -94.93
502.000 1.107E3 -95.25
503.000 1.105E3 -95.38
504.000 1.104E3 -95.06
505.000 1.103E3 -95.34
506.000 1.101E3 -95.30
507.000 1.100E3 -95.26
508.000 1.099E3 -95.30
509.000 1.098E3 -95.29
510.000 1.096E3 -95.59
511.000 1.095E3 -95.50
512.000 1.094E3 -95.32
513.000 1.093E3 -95.43
514.000 1.092E3 -95.21
515.000 1.090E3 -95.42
516.000 1.090E3 -95.36
517.000 1.088E3 -95.41
518.000 1.087E3 -95.52
519.000 1.086E3 -95.37
520.000 1.085E3 -95.57
521.000 1.084E3 -95.60
522.000 1.083E3 -95.40
523.000 1.083E3 -95.54
524.000 1.081E3 -95.40
525.000 1.080E3 -95.57
526.000 1.080E3 -95.44
527.000 1.078E3 -95.46
528.000 1.077E3 -95.66
529.000 1.077E3 -95.50
530.000 1.075E3 -95.75
531.000 1.075E3 -95.63
532.000 1.074E3 -95.56
533.000 1.073E3 -95.77
534.000 1.072E3 -95.71
535.000 1.072E3 -95.84
536.000 1.071E3 -95.85
537.000 1.070E3 -95.85
538.000 1.070E3 -95.99
539.000 1.069E3 -95.99
540.000 1.069E3 -96.35
541.000 1.068E3 -96.37
542.000 1.068E3 -96.37
543.000 1.067E3 -96.49
544.000 1.067E3 -96.12
545.000 1.066E3 -96.30
546.000 1.066E3 -96.09
547.000 1.065E3 -96.25
548.000 1.065E3 -96.32
549.000 1.064E3 -96.15
550.000 1.064E3 -96.36
551.000 1.064E3 -96.22
552.000 1.063E3 -96.22
553.000 1.063E3 -96.39
554.000 1.063E3 -96.20
555.000 1.063E3 -96.28
556.000 1.062E3 -96.23
557.000 1.062E3 -96.21
558.000 1.062E3 -96.52
559.000 1.062E3 -96.31
560.000 1.062E3 -96.50
561.000 1.062E3 -96.40
562.000 1.062E3 -96.27
563.000 1.062E3 -96.34
564.000 1.062E3 -96.31
565.000 1.062E3 -96.34
566.000 1.062E3 -96.32
567.000 1.062E3 -96.20
568.000 1.062E3 -96.26
569.000 1.062E3 -96.28
570.000 1.063E3 -96.44
571.000 1.063E3 -96.38
572.000 1.063E3 -96.23
573.000 1.063E3 -96.26
574.000 1.063E3 -96.03
575.000 1.063E3 -96.37
576.000 1.064E3 -96.28
577.000 1.064E3 -96.26
578.000 1.065E3 -96.31
579.000 1.065E3 -95.88
580.000 1.065E3 -96.20
581.000 1.066E3 -96.23
582.000 1.066E3 -96.22
583.000 1.067E3 -96.39
584.000 1.067E3 -96.29
585.000 1.068E3 -96.31
586.000 1.068E3 -96.35
587.000 1.069E3 -96.18
588.000 1.069E3 -96.36
589.000 1.070E3 -95.86
590.000 1.071E3 -96.08
591.000 1.071E3 -96.10
592.000 1.072E3 -96.11
593.000 1.073E3 -96.14
594.000 1.074E3 -95.80
595.000 1.074E3 -95.75
596.000 1.075E3 -95.59
597.000 1.076E3 -95.42
598.000 1.077E3 -95.55
599.000 1.078E3 -95.48
600.000 1.079E3 -95.54
601.000 1.080E3 -95.50
602.000 1.080E3 -95.38
603.000 1.081E3 -95.54
604.000 1.083E3 -95.39
605.000 1.083E3 -95.61
606.000 1.084E3 -95.53
607.000 1.085E3 -95.42
608.000 1.087E3 -95.47
609.000 1.088E3 -95.37
610.000 1.089E3 -95.44
611.000 1.090E3 -95.41
612.000 1.091E3 -95.27
613.000 1.092E3 -95.31
614.000 1.093E3 -95.27
615.000 1.094E3 -95.38
616.000 1.095E3 -95.48
617.000 1.097E3 -95.35
618.000 1.098E3 -95.39
619.000 1.099E3 -95.07
620.000 1.100E3 -95.28
621.000 1.101E3 -95.31
622.000 1.103E3 -95.21
623.000 1.104E3 -95.25
624.000 1.105E3 -95.13
625.000 1.106E3 -95.31
626.000 1.108E3 -95.16
627.000 1.109E3 -94.90
628.000 1.110E3 -95.18
629.000 1.112E3 -94.86
630.000 1.113E3 -94.87
631.000 1.114E3 -94.85
632.000 1.116E3 -94.51
633.000 1.117E3 -94.82
634.000 1.119E3 -94.53
635.000 1.120E3 -94.57
636.000 1.121E3 -94.50
637.000 1.123E3 -94.42
638.000 1.125E3 -94.78
639.000 1.126E3 -94.50
640.000 1.127E3 -94.55
641.000 1.129E3 -94.51
642.000 1.130E3 -94.28
643.000 1.132E3 -94.25
644.000 1.133E3 -94.09
645.000 1.135E3 -94.39
646.000 1.136E3 -94.44
647.000 1.138E3 -94.09
648.000 1.139E3 -94.15
649.000 1.141E3 -94.13
650.000 1.142E3 -94.12
651.000 1.144E3 -94.20
652.000 1.145E3 -94.20
653.000 1.147E3 -94.19
654.000 1.148E3 -94.16
655.000 1.150E3 -93.99
656.000 1.151E3 -94.14
657.000 1.153E3 -93.93
658.000 1.154E3 -94.14
659.000 1.156E3 -94.02
660.000 1.158E3 -93.91
661.000 1.159E3 -94.04
662.000 1.161E3 -93.85
663.000 1.162E3 -94.00
664.000 1.164E3 -93.78
665.000 1.165E3 -93.60
666.000 1.167E3 -93.63
667.000 1.168E3 -93.39
668.000 1.170E3 -93.75
669.000 1.171E3 -93.38
670.000 1.173E3 -93.45
671.000 1.174E3 -93.48
672.000 1.176E3 -93.21
673.000 1.177E3 -93.47
674.000 1.179E3 -93.05
675.000 1.180E3 -93.28
676.000 1.181E3 -93.32
677.000 1.183E3 -93.11
678.000 1.184E3 -93.54
679.000 1.186E3 -93.11
680.000 1.187E3 -93.44
681.000 1.189E3 -93.53
682.000 1.191E3 -93.15
683.000 1.193E3 -93.45
684.000 1.194E3 -93.15
685.000 1.195E3 -93.32
686.000 1.196E3 -93.21
687.000 1.197E3 -92.82
688.000 1.199E3 -92.73
689.000 1.201E3 -92.26
690.000 1.202E3 -92.47
691.000 1.204E3 -92.56
692.000 1.205E3 -92.36
693.000 1.206E3 -92.51
694.000 1.207E3 -92.49
695.000 1.209E3 -92.54
696.000 1.210E3 -92.59
697.000 1.211E3 -92.64
698.000 1.212E3 -92.64
699.000 1.213E3 -92.42
700.000 1.215E3 -92.26
701.000 1.216E3 -92.46
702.000 1.217E3 -92.50
703.000 1.218E3 -92.36
704.000 1.219E3 -92.04
705.000 1.220E3 -92.15
706.000 1.221E3 -92.13
707.000 1.222E3 -91.94
708.000 1.223E3 -92.54
709.000 1.224E3 -92.18
710.000 1.225E3 -92.25
711.000 1.226E3 -92.18
712.000 1.227E3 -92.03
713.000 1.228E3 -92.10
714.000 1.229E3 -92.07
715.000 1.230E3 -91.98
716.000 1.231E3 -92.12
717.000 1.231E3 -91.84
718.000 1.232E3 -91.91
719.000 1.233E3 -91.98
720.000 1.234E3 -92.07
721.000 1.235E3 -92.05
722.000 1.235E3 -91.64
723.000 1.236E3 -91.78
724.000 1.237E3 -91.58
725.000 1.238E3 -91.49
726.000 1.238E3 -91.61
727.000 1.239E3 -91.46
728.000 1.240E3 -91.70
729.000 1.240E3 -91.23
730.000 1.241E3 -91.44
731.000 1.241E3 -91.51
732.000 1.242E3 -91.40
733.000 1.242E3 -91.61
734.000 1.242E3 -91.32
735.000 1.243E3 -91.44
736.000 1.243E3 -91.70
737.000 1.244E3 -91.27
738.000 1.244E3 -91.78
739.000 1.245E3 -91.27
740.000 1.245E3 -91.44
741.000 1.245E3 -91.41
742.000 1.245E3 -91.19
743.000 1.246E3 -91.82
744.000 1.246E3 -91.30
745.000 1.246E3 -91.35
746.000 1.246E3 -91.42
747.000 1.247E3 -91.22
748.000 1.247E3 -91.67
749.000 1.247E3 -91.35
750.000 1.247E3 -91.41
751.000 1.247E3 -91.48
752.000 1.247E3 -91.03
753.000 1.247E3 -91.45
754.000 1.247E3 -91.28
755.000 1.247E3 -91.47
756.000 1.247E3 -91.57
757.000 1.247E3 -91.15
758.000 1.247E3 -91.45
759.000 1.247E3 -91.37
760.000 1.246E3 -91.50
761.000 1.246E3 -91.65
762.000 1.246E3 -91.20
763.000 1.246E3 -91.50
764.000 1.245E3 -91.24
765.000 1.245E3 -91.20
766.000 1.245E3 -91.67
767.000 1.244E3 -91.36
768.000 1.244E3 -91.68
769.000 1.243E3 -91.42
770.000 1.243E3 -91.43
771.000 1.242E3 -91.64
772.000 1.242E3 -91.55
773.000 1.242E3 -91.77
774.000 1.241E3 -91.25
775.000 1.241E3 -91.35
776.000 1.240E3 -91.59
777.000 1.240E3 -91.28
778.000 1.239E3 -91.84
779.000 1.238E3 -91.40
780.000 1.238E3 -91.62
781.000 1.237E3 -91.65
782.000 1.236E3 -91.42
783.000 1.236E3 -91.79
784.000 1.235E3 -91.61
785.000 1.234E3 -91.72
786.000 1.233E3 -91.78
787.000 1.233E3 -91.57
788.000 1.232E3 -91.95
789.000 1.231E3 -91.96
790.000 1.230E3 -92.24
791.000 1.229E3 -92.27
792.000 1.228E3 -91.94
793.000 1.228E3 -92.33
794.000 1.227E3 -91.98
795.000 1.226E3 -92.18
796.000 1.225E3 -92.23
797.000 1.224E3 -92.14
798.000 1.223E3 -92.35
799.000 1.222E3 -91.93
800.000 1.221E3 -92.36
801.000 1.220E3 -92.40
802.000 1.219E3 -92.09
803.000 1.217E3 -92.65
804.000 1.217E3 -92.24
805.000 1.215E3 -92.33
806.000 1.214E3 -92.60
807.000 1.213E3 -92.49
808.000 1.212E3 -92.64
809.000 1.210E3 -92.45
810.000 1.209E3 -92.37
811.000 1.208E3 -92.56
812.000 1.207E3 -92.46
813.000 1.206E3 -92.79
814.000 1.205E3 -92.72
815.000 1.203E3 -92.60
816.000 1.202E3 -92.59
817.000 1.201E3 -92.24
818.000 1.199E3 -92.90
819.000 1.198E3 -93.01
820.000 1.196E3 -93.43
821.000 1.195E3 -93.45
822.000 1.194E3 -92.61
823.000 1.192E3 -93.26
824.000 1.191E3 -93.47
825.000 1.190E3 -93.52
826.000 1.188E3 -93.45
827.000 1.186E3 -92.94
828.000 1.185E3 -93.52
829.000 1.183E3 -93.23
830.000 1.182E3 -93.22
831.000 1.180E3 -93.54
832.000 1.179E3 -93.02
833.000 1.178E3 -93.50
834.000 1.176E3 -93.19
835.000 1.175E3 -93.68
836.000 1.173E3 -93.78
837.000 1.172E3 -93.15
838.000 1.170E3 -93.90
839.000 1.169E3 -93.57
840.000 1.167E3 -93.51
841.000 1.166E3 -93.94
842.000 1.164E3 -93.81
843.000 1.163E3 -94.09
844.000 1.161E3 -93.64
845.000 1.160E3 -93.63
846.000 1.158E3 -93.83
847.000 1.157E3 -93.49
848.000 1.156E3 -93.91
849.000 1.154E3 -93.77
850.000 1.153E3 -93.85
851.000 1.151E3 -93.89
852.000 1.150E3 -93.84
853.000 1.148E3 -94.46
854.000 1.147E3 -94.15
855.000 1.145E3 -94.26
856.000 1.144E3 -94.31
857.000 1.142E3 -93.83
858.000 1.141E3 -94.16
859.000 1.140E3 -94.01
860.000 1.138E3 -94.14
861.000 1.137E3 -94.55
862.000 1.135E3 -94.01
863.000 1.134E3 -94.37
864.000 1.133E3 -94.10
865.000 1.131E3 -94.42
866.000 1.130E3 -94.79
867.000 1.129E3 -94.16
868.000 1.127E3 -94.76
869.000 1.126E3 -94.51
870.000 1.124E3 -94.76
871.000 1.123E3 -94.73
872.000 1.122E3 -94.38
873.000 1.120E3 -94.75
874.000 1.119E3 -94.48
875.000 1.118E3 -94.51
876.000 1.116E3 -94.74
877.000 1.115E3 -94.25
878.000 1.114E3 -94.79
879.000 1.113E3 -94.62
880.000 1.111E3 -94.61
881.000 1.110E3 -94.99
882.000 1.109E3 -94.72
883.000 1.108E3 -95.20
884.000 1.106E3 -95.21
885.000 1.105E3 -95.02
886.000 1.104E3 -95.50
887.000 1.103E3 -95.03
888.000 1.102E3 -95.56
889.000 1.101E3 -95.18
890.000 1.100E3 -95.05
891.000 1.098E3 -95.50
892.000 1.098E3 -95.14
893.000 1.096E3 -95.71
894.000 1.095E3 -95.39
895.000 1.094E3 -95.30
896.000 1.093E3 -95.32
897.000 1.092E3 -95.11
898.000 1.091E3 -95.61
899.000 1.090E3 -95.31
900.000 1.090E3 -95.35
901.000 1.088E3 -95.56
902.000 1.088E3 -95.13
903.000 1.087E3 -95.51
904.000 1.086E3 -95.47
905.000 1.085E3 -95.37
906.000 1.084E3 -95.61
907.000 1.083E3 -95.16
908.000 1.083E3 -95.59
909.000 1.082E3 -95.46
910.000 1.081E3 -95.25
911.000 1.080E3 -95.65
912.000 1.079E3 -95.23
913.000 1.079E3 -95.56
914.000 1.078E3 -95.47
915.000 1.078E3 -95.42
916.000 1.077E3 -95.86
917.000 1.076E3 -95.47
918.000 1.075E3 -95.82
919.000 1.075E3 -95.39
920.000 1.074E3 -95.52
921.000 1.074E3 -95.92
922.000 1.073E3 -95.74
923.000 1.073E3 -96.05
924.000 1.073E3 -96.01
925.000 1.072E3 -95.81
926.000 1.071E3 -96.09
927.000 1.071E3 -95.80
928.000 1.071E3 -96.01
929.000 1.071E3 -96.01
930.000 1.070E3 -96.01
931.000 1.070E3 -96.32
932.000 1.070E3 -95.92
933.000 1.070E3 -96.42
934.000 1.069E3 -96.30
935.000 1.069E3 -95.99
936.000 1.069E3 -96.40
937.000 1.069E3 -96.01
938.000 1.069E3 -96.47
939.000 1.069E3 -96.24
940.000 1.069E3 -96.27
941.000 1.069E3 -96.52
942.000 1.069E3 -96.05
943.000 1.069E3 -96.51
944.000 1.069E3 -96.37
945.000 1.069E3 -96.14
946.000 1.069E3 -96.44
947.000 1.069E3 -95.89
948.000 1.069E3 -96.31
949.000 1.069E3 -96.17
950.000 1.069E3 -96.06
951.000 1.069E3 -96.52
952.000 1.069E3 -95.93
953.000 1.070E3 -96.17
954.000 1.070E3 -96.03
955.000 1.070E3 -96.13
956.000 1.070E3 -96.24
957.000 1.071E3 -95.91
958.000 1.071E3 -96.17
959.000 1.071E3 -96.07
960.000 1.072E3 -95.99
961.000 1.072E3 -96.27
962.000 1.073E3 -95.91
963.000 1.073E3 -96.09
964.000 1.074E3 -95.91
965.000 1.074E3 -95.84
966.000 1.075E3 -95.89
967.000 1.075E3 -95.47
968.000 1.075E3 -95.77
969.000 1.076E3 -95.69
970.000 1.077E3 -95.29
971.000 1.078E3 -95.68
972.000 1.078E3 -95.35
973.000 1.079E3 -95.72
974.000 1.080E3 -95.51
975.000 1.080E3 -95.20
976.000 1.081E3 -95.64
977.000 1.082E3 -95.37
978.000 1.083E3 -95.40
979.000 1.084E3 -95.62
980.000 1.084E3 -95.36
981.000 1.085E3 -95.72
982.000 1.086E3 -95.18
983.000 1.087E3 -95.45
984.000 1.088E3 -95.56
985.000 1.089E3 -95.26
986.000 1.090E3 -95.62
987.000 1.090E3 -95.11
988.000 1.092E3 -95.41
989.000 1.093E3 -95.32
990.000 1.094E3 -95.23
991.000 1.095E3 -95.65
992.000 1.096E3 -95.16
993.000 1.097E3 -95.33
994.000 1.098E3 -95.31
995.000 1.099E3 -95.07
996.000 1.100E3 -95.48
997.000 1.101E3 -94.94
998.000 1.102E3 -95.31
999.000 1.103E3 -95.29
1000.000 1.104E3 -94.82
1001.000 1.105E3 -95.27
1002.000 1.107E3 -95.02
1003.000 1.108E3 -95.13
1004.000 1.109E3 -94.97
1005.000 1.110E3 -94.78
1006.000 1.111E3 -95.07
1007.000 1.113E3 -94.73
1008.000 1.114E3 -94.70
1009.000 1.115E3 -94.58
1010.000 1.116E3 -94.32
1011.000 1.117E3 -94.83
1012.000 1.119E3 -94.36
1013.000 1.120E3 -94.67
1014.000 1.121E3 -94.52
1015.000 1.122E3 -94.24
1016.000 1.124E3 -94.80
1017.000 1.125E3 -94.48
1018.000 1.127E3 -94.56
1019.000 1.128E3 -94.51
1020.000 1.129E3 -94.38
1021.000 1.131E3 -94.53
1022.000 1.132E3 -93.97
1023.000 1.134E3 -94.25
1024.000 1.135E3 -94.39
1025.000 1.136E3 -94.24
1026.000 1.137E3 -94.46
1027.000 1.139E3 -93.86
1028.000 1.140E3 -94.29
1029.000 1.141E3 -94.25
1030.000 1.143E3 -93.83
1031.000 1.144E3 -94.30
1032.000 1.146E3 -93.92
1033.000 1.147E3 -94.35
1034.000 1.149E3 -94.39
1035.000 1.150E3 -93.92
1036.000 1.151E3 -94.39
1037.000 1.153E3 -93.90
1038.000 1.154E3 -93.99
1039.000 1.155E3 -94.06
1040.000 1.157E3 -93.70
1041.000 1.158E3 -94.12
1042.000 1.160E3 -93.69
1043.000 1.161E3 -93.67
1044.000 1.162E3 -93.78
1045.000 1.164E3 -93.30
1046.000 1.165E3 -93.80
1047.000 1.167E3 -93.53
1048.000 1.168E3 -93.47
1049.000 1.169E3 -93.66
1050.000 1.171E3 -93.23
1051.000 1.172E3 -93.59
1052.000 1.173E3 -93.31
1053.000 1.175E3 -93.50
1054.000 1.176E3 -93.48
1055.000 1.177E3 -92.98
1056.000 1.179E3 -93.29
1057.000 1.180E3 -93.08
1058.000 1.181E3 -93.40
1059.000 1.183E3 -93.46
1060.000 1.184E3 -93.12
1061.000 1.185E3 -93.60
1062.000 1.187E3 -93.03
1063.000 1.188E3 -93.52
1064.000 1.190E3 -93.68
1065.000 1.191E3 -93.25
1066.000 1.193E3 -93.68
1067.000 1.194E3 -93.08
1068.000 1.195E3 -93.13
1069.000 1.196E3 -93.44
1070.000 1.197E3 -93.00
1071.000 1.198E3 -93.16
1072.000 1.200E3 -92.53
1073.000 1.201E3 -92.53
1074.000 1.202E3 -92.72
1075.000 1.204E3 -92.12
1076.000 1.205E3 -92.77
1077.000 1.206E3 -92.44
1078.000 1.207E3 -92.39
1079.000 1.208E3 -92.42
1080.000 1.209E3 -92.17
1081.000 1.210E3 -92.65
1082.000 1.211E3 -92.43
1083.000 1.212E3 -92.41
1084.000 1.213E3 -92.42
1085.000 1.214E3 -92.21
1086.000 1.215E3 -92.78
1087.000 1.216E3 -92.28
1088.000 1.217E3 -92.52
1089.000 1.218E3 -92.40
1090.000 1.219E3 -91.92
1091.000 1.220E3 -92.41
1092.000 1.220E3 -92.11
1093.000 1.221E3 -92.37
1094.000 1.222E3 -92.55
1095.000 1.223E3 -91.96
1096.000 1.224E3 -92.39
1097.000 1.224E3 -91.91
1098.000 1.225E3 -92.13
1099.000 1.226E3 -92.24
1100.000 1.227E3 -91.76
1101.000 1.227E3 -92.08
1102.000 1.228E3 -91.91
1103.000 1.229E3 -92.19
1104.000 1.229E3 -92.23
1105.000 1.230E3 -91.91
1106.000 1.230E3 -92.39
1107.000 1.231E3 -91.84
1108.000 1.232E3 -91.67
1109.000 1.232E3 -91.92
1110.000 1.233E3 -91.90
1111.000 1.233E3 -92.33
1112.000 1.234E3 -91.95
1113.000 1.234E3 -91.94
1114.000 1.235E3 -92.13
1115.000 1.235E3 -91.67
1116.000 1.235E3 -92.11
1117.000 1.236E3 -91.74
1118.000 1.236E3 -91.59
1119.000 1.237E3 -91.78
1120.000 1.237E3 -91.25
1121.000 1.237E3 -91.85
1122.000 1.237E3 -91.43
1123.000 1.238E3 -91.51
1124.000 1.238E3 -91.54
1125.000 1.238E3 -91.31
1126.000 1.238E3 -91.79
1127.000 1.238E3 -91.23
1128.000 1.238E3 -91.55
1129.000 1.238E3 -91.63
1130.000 1.238E3 -91.32
1131.000 1.239E3 -91.76
1132.000 1.239E3 -91.45
1133.000 1.239E3 -91.55
1134.000 1.239E3 -91.87
1135.000 1.239E3 -91.55
1136.000 1.238E3 -91.79
1137.000 1.238E3 -91.38
1138.000 1.238E3 -91.62
1139.000 1.238E3 -91.70
1140.000 1.238E3 -91.33
1141.000 1.238E3 -91.71
1142.000 1.237E3 -91.35
1143.000 1.237E3 -91.52
1144.000 1.237E3 -91.79
1145.000 1.237E3 -91.43
1146.000 1.237E3 -91.89
1147.000 1.236E3 -91.79
1148.000 1.236E3 -91.66
1149.000 1.235E3 -91.89
1150.000 1.235E3 -91.76
1151.000 1.235E3 -92.09
1152.000 1.234E3 -91.74
1153.000 1.234E3 -91.72
1154.000 1.233E3 -92.03
1155.000 1.233E3 -91.86
1156.000 1.232E3 -92.37
1157.000 1.232E3 -91.89
1158.000 1.231E3 -91.95
1159.000 1.230E3 -92.31
1160.000 1.230E3 -91.89
1161.000 1.229E3 -92.43
1162.000 1.229E3 -91.98
1163.000 1.228E3 -92.05
1164.000 1.228E3 -92.22
1165.000 1.227E3 -91.81
1166.000 1.226E3 -92.18
1167.000 1.226E3 -91.99
1168.000 1.225E3 -92.06
1169.000 1.224E3 -92.28
1170.000 1.223E3 -91.90
1171.000 1.223E3 -92.49
1172.000 1.222E3 -92.35
1173.000 1.221E3 -92.13
1174.000 1.220E3 -92.53
1175.000 1.219E3 -91.83
1176.000 1.218E3 -92.27
1177.000 1.218E3 -92.28
1178.000 1.217E3 -92.37
1179.000 1.216E3 -92.61
1180.000 1.215E3 -92.21
1181.000 1.214E3 -92.72
1182.000 1.213E3 -92.42
1183.000 1.212E3 -92.43
1184.000 1.211E3 -92.68
1185.000 1.210E3 -92.16
1186.000 1.209E3 -92.65
1187.000 1.208E3 -92.52
1188.000 1.207E3 -92.42
1189.000 1.206E3 -92.62
1190.000 1.205E3 -92.25
1191.000 1.203E3 -92.83
1192.000 1.202E3 -92.46
1193.000 1.201E3 -92.53
1194.000 1.200E3 -92.75
1195.000 1.198E3 -92.56
1196.000 1.197E3 -93.13
1197.000 1.196E3 -92.87
1198.000 1.195E3 -93.11
1199.000 1.194E3 -93.51
1200.000 1.193E3 -92.98
1201.000 1.191E3 -93.74
1202.000 1.190E3 -93.44
1203.000 1.189E3 -93.41
1204.000 1.187E3 -93.39
1205.000 1.185E3 -93.17
1206.000 1.184E3 -93.71
1207.000 1.183E3 -93.21
1208.000 1.181E3 -93.17
1209.000 1.180E3 -93.45
1210.000 1.179E3 -92.93
1211.000 1.178E3 -93.42
1212.000 1.176E3 -93.54
1213.000 1.175E3 -93.39
1214.000 1.174E3 -93.68
1215.000 1.173E3 -93.26
1216.000 1.171E3 -93.79
1217.000 1.170E3 -93.47
1218.000 1.169E3 -93.52
1219.000 1.167E3 -93.85
1220.000 1.166E3 -93.37
1221.000 1.164E3 -93.75
1222.000 1.163E3 -93.69
1223.000 1.162E3 -93.48
1224.000 1.161E3 -93.87
1225.000 1.159E3 -93.72
1226.000 1.158E3 -94.07
1227.000 1.157E3 -93.83
1228.000 1.155E3 -93.60
1229.000 1.154E3 -94.10
1230.000 1.153E3 -93.83
1231.000 1.151E3 -94.13
1232.000 1.150E3 -94.10
1233.000 1.149E3 -94.04
1234.000 1.147E3 -94.51
1235.000 1.146E3 -93.99
1236.000 1.145E3 -94.47
1237.000 1.143E3 -94.17
1238.000 1.142E3 -94.09
1239.000 1.141E3 -94.33
1240.000 1.140E3 -93.83
1241.000 1.138E3 -94.10
1242.000 1.137E3 -94.23
1243.000 1.136E3 -94.21
1244.000 1.134E3 -94.40
1245.000 1.133E3 -94.05
1246.000 1.132E3 -94.36
1247.000 1.131E3 -94.48
1248.000 1.129E3 -94.44
1249.000 1.128E3 -94.68
1250.000 1.127E3 -94.33
1251.000 1.126E3 -94.82
1252.000 1.124E3 -94.56
1253.000 1.123E3 -94.39
1254.000 1.122E3 -94.67
1255.000 1.121E3 -94.30
1256.000 1.120E3 -94.76
1257.000 1.118E3 -94.58
1258.000 1.117E3 -94.43
1259.000 1.116E3 -94.88
1260.000 1.115E3 -94.42
1261.000 1.114E3 -94.64
1262.000 1.113E3 -94.68
1263.000 1.112E3 -94.55
1264.000 1.111E3 -95.07
1265.000 1.109E3 -94.67
1266.000 1.109E3 -94.90
1267.000 1.108E3 -95.12
1268.000 1.107E3 -95.21
1269.000 1.106E3 -95.47
1270.000 1.105E3 -94.94
1271.000 1.103E3 -95.38
1272.000 1.102E3 -95.22
1273.000 1.102E3 -95.13
1274.000 1.101E3 -95.43
1275.000 1.100E3 -95.12
1276.000 1.099E3 -95.39
1277.000 1.098E3 -95.28
1278.000 1.097E3 -95.23
1279.000 1.096E3 -95.65
1280.000 1.095E3 -95.22
1281.000 1.095E3 -95.51
1282.000 1.094E3 -95.26
1283.000 1.093E3 -95.04
1284.000 1.092E3 -95.47
1285.000 1.091E3 -95.12
1286.000 1.091E3 -95.50
1287.000 1.090E3 -95.37
1288.000 1.089E3 -95.23
1289.000 1.088E3 -95.61
1290.000 1.088E3 -95.25
1291.000 1.087E3 -95.55
1292.000 1.087E3 -95.38
1293.000 1.086E3 -95.31
1294.000 1.085E3 -95.85
1295.000 1.085E3 -95.25
1296.000 1.084E3 -95.68
1297.000 1.084E3 -95.48
1298.000 1.083E3 -95.39
1299.000 1.083E3 -95.68
1300.000 1.082E3 -95.32
1301.000 1.082E3 -95.45
1302.000 1.081E3 -95.43
1303.000 1.081E3 -95.27
1304.000 1.080E3 -95.64
1305.000 1.080E3 -95.13
1306.000 1.080E3 -95.60
1307.000 1.079E3 -95.52
1308.000 1.079E3 -95.34
1309.000 1.079E3 -95.62
1310.000 1.078E3 -95.27
1311.000 1.078E3 -95.66
1312.000 1.078E3 -95.55
1313.000 1.078E3 -95.34
1314.000 1.078E3 -95.66
1315.000 1.077E3 -95.23
1316.000 1.077E3 -95.83
1317.000 1.077E3 -95.54
1318.000 1.077E3 -95.43
1319.000 1.077E3 -95.83
1320.000 1.077E3 -95.32
1321.000 1.077E3 -95.65
1322.000 1.077E3 -95.56
1323.000 1.077E3 -95.30
1324.000 1.077E3 -95.78
1325.000 1.077E3 -95.29
1326.000 1.077E3 -95.70
1327.000 1.077E3 -95.55
1328.000 1.077E3 -95.35
1329.000 1.077E3 -95.68
1330.000 1.077E3 -95.34
1331.000 1.078E3 -95.77
1332.000 1.078E3 -95.51
1333.000 1.078E3 -95.36
1334.000 1.078E3 -95.60
1335.000 1.078E3 -95.32
1336.000 1.079E3 -95.67
1337.000 1.079E3 -95.48
1338.000 1.079E3 -95.31
1339.000 1.080E3 -95.53
1340.000 1.080E3 -95.20
1341.000 1.080E3 -95.45
1342.000 1.081E3 -95.38
1343.000 1.081E3 -95.34
1344.000 1.082E3 -95.62
1345.000 1.082E3 -95.37
1346.000 1.083E3 -95.49
1347.000 1.083E3 -95.48
1348.000 1.084E3 -95.30
1349.000 1.084E3 -95.63
1350.000 1.085E3 -95.34
1351.000 1.085E3 -95.55
1352.000 1.086E3 -95.39
1353.000 1.087E3 -95.28
1354.000 1.087E3 -95.60
1355.000 1.088E3 -95.21
1356.000 1.088E3 -95.44
1357.000 1.089E3 -95.45
1358.000 1.090E3 -95.28
1359.000 1.091E3 -95.46
1360.000 1.091E3 -95.19
1361.000 1.092E3 -95.33
1362.000 1.093E3 -95.38
1363.000 1.094E3 -95.07
1364.000 1.095E3 -95.58
1365.000 1.096E3 -95.09
1366.000 1.096E3 -95.54
1367.000 1.097E3 -95.39
1368.000 1.098E3 -95.07
1369.000 1.099E3 -95.42
1370.000 1.100E3 -95.13
1371.000 1.101E3 -95.23
1372.000 1.101E3 -95.40
1373.000 1.102E3 -95.14
1374.000 1.103E3 -95.42
1375.000 1.104E3 -94.98
1376.000 1.106E3 -95.29
1377.000 1.106E3 -95.31
1378.000 1.107E3 -94.98
1379.000 1.108E3 -95.15
1380.000 1.109E3 -94.87
1381.000 1.111E3 -95.19
1382.000 1.112E3 -95.09
1383.000 1.113E3 -94.72
1384.000 1.113E3 -94.85
1385.000 1.115E3 -94.48
1386.000 1.116E3 -94.71
1387.000 1.117E3 -94.62
1388.000 1.118E3 -94.40
1389.000 1.119E3 -94.66
1390.000 1.120E3 -94.33
1391.000 1.121E3 -94.56
1392.000 1.123E3 -94.49
1393.000 1.124E3 -94.26
1394.000 1.125E3 -94.82
1395.000 1.126E3 -94.39
1396.000 1.127E3 -94.57
1397.000 1.129E3 -94.49
1398.000 1.130E3 -94.24
1399.000 1.131E3 -94.47
1400.000 1.132E3 -94.08
1401.000 1.134E3 -94.23
1402.000 1.135E3 -94.31
1403.000 1.136E3 -94.21
1404.000 1.137E3 -94.43
1405.000 1.138E3 -93.85
1406.000 1.139E3 -93.82
1407.000 1.141E3 -93.94
1408.000 1.142E3 -93.75
1409.000 1.143E3 -94.06
1410.000 1.144E3 -94.05
1411.000 1.146E3 -94.06
1412.000 1.147E3 -94.31
1413.000 1.148E3 -94.17
1414.000 1.150E3 -94.19
1415.000 1.151E3 -93.74
1416.000 1.152E3 -93.75
1417.000 1.153E3 -94.05
1418.000 1.155E3 -93.71
1419.000 1.156E3 -93.84
1420.000 1.157E3 -93.48
1421.000 1.158E3 -93.67
1422.000 1.159E3 -93.72
1423.000 1.161E3 -93.38
1424.000 1.162E3 -93.92
1425.000 1.163E3 -93.59
1426.000 1.164E3 -93.77
1427.000 1.166E3 -93.69
1428.000 1.167E3 -93.35
1429.000 1.168E3 -93.86
1430.000 1.169E3 -93.69
1431.000 1.171E3 -93.49
1432.000 1.172E3 -93.48
1433.000 1.173E3 -93.16
1434.000 1.174E3 -93.77
1435.000 1.175E3 -93.21
1436.000 1.177E3 -93.30
1437.000 1.178E3 -93.11
1438.000 1.179E3 -93.01
1439.000 1.180E3 -93.34
1440.000 1.181E3 -93.23
1441.000 1.183E3 -93.37
1442.000 1.184E3 -93.44
1443.000 1.185E3 -93.26
1444.000 1.186E3 -93.39
1445.000 1.187E3 -93.20
1446.000 1.189E3 -93.42
1447.000 1.190E3 -93.58
1448.000 1.191E3 -93.10
1449.000 1.193E3 -93.44
1450.000 1.193E3 -93.11
1451.000 1.194E3 -93.22
1452.000 1.196E3 -93.28
1453.000 1.197E3 -92.94
1454.000 1.198E3 -93.34
1455.000 1.199E3 -92.73
1456.000 1.200E3 -92.56
1457.000 1.201E3 -92.63
1458.000 1.202E3 -92.16
1459.000 1.203E3 -92.76
1460.000 1.204E3 -92.33
1461.000 1.205E3 -92.59
1462.000 1.206E3 -92.58
1463.000 1.207E3 -92.11
1464.000 1.208E3 -92.62
1465.000 1.209E3 -92.29
1466.000 1.209E3 -92.44
1467.000 1.210E3 -92.68
1468.000 1.211E3 -92.24
1469.000 1.212E3 -92.78
1470.000 1.213E3 -92.50
1471.000 1.213E3 -92.64
1472.000 1.214E3 -92.62
1473.000 1.215E3 -92.21
1474.000 1.216E3 -92.45
1475.000 1.216E3 -92.15
1476.000 1.217E3 -92.31
1477.000 1.218E3 -92.39
1478.000 1.218E3 -91.99
1479.000 1.219E3 -92.43
1480.000 1.220E3 -91.95
1481.000 1.220E3 -92.15
1482.000 1.221E3 -92.27
1483.000 1.222E3 -92.21
1484.000 1.222E3 -92.41
1485.000 1.223E3 -92.02
1486.000 1.223E3 -92.13
1487.000 1.224E3 -92.15
1488.000 1.224E3 -92.09
1489.000 1.225E3 -92.48
1490.000 1.225E3 -91.99
1491.000 1.226E3 -92.08
1492.000 1.226E3 -92.15
1493.000 1.226E3 -92.03
1494.000 1.227E3 -92.13
1495.000 1.227E3 -92.02
1496.000 1.228E3 -92.03
1497.000 1.228E3 -92.28
1498.000 1.228E3 -91.93
1499.000 1.228E3 -92.21
1500.000 1.228E3 -91.89
1501.000 1.229E3 -92.19
1502.000 1.229E3 -92.21
1503.000 1.229E3 -91.87
1504.000 1.229E3 -92.28
1505.000 1.229E3 -91.90
1506.000 1.229E3 -92.07
1507.000 1.230E3 -92.23
1508.000 1.230E3 -92.00
1509.000 1.230E3 -92.27
1510.000 1.230E3 -92.02
1511.000 1.230E3 -92.22
1512.000 1.230E3 -92.24
1513.000 1.230E3 -91.91
1514.000 1.230E3 -92.23
1515.000 1.230E3 -92.06
1516.000 1.230E3 -92.22
1517.000 1.230E3 -92.19
1518.000 1.229E3 -91.89
1519.000 1.229E3 -92.28
1520.000 1.229E3 -91.97
1521.000 1.229E3 -92.02
1522.000 1.229E3 -92.04
1523.000 1.229E3 -92.00
1524.000 1.228E3 -92.12
1525.000 1.228E3 -91.86
1526.000 1.228E3 -92.08
1527.000 1.228E3 -92.11
1528.000 1.227E3 -92.02
1529.000 1.227E3 -92.22
1530.000 1.226E3 -92.09
1531.000 1.226E3 -92.10
1532.000 1.226E3 -92.27
1533.000 1.225E3 -92.21
1534.000 1.225E3 -92.21
1535.000 1.225E3 -92.19
1536.000 1.224E3 -92.22
1537.000 1.224E3 -92.29
1538.000 1.223E3 -92.13
1539.000 1.223E3 -92.39
1540.000 1.222E3 -92.26
1541.000 1.222E3 -92.30
1542.000 1.221E3 -92.59
1543.000 1.221E3 -92.16
1544.000 1.220E3 -92.38
1545.000 1.219E3 -92.23
1546.000 1.219E3 -92.19
1547.000 1.218E3 -92.38
1548.000 1.217E3 -92.26
1549.000 1.217E3 -92.48
1550.000 1.216E3 -92.29
1551.000 1.215E3 -92.25
1552.000 1.214E3 -92.53
1553.000 1.214E3 -92.40
1554.000 1.213E3 -92.81
1555.000 1.212E3 -92.52
1556.000 1.211E3 -92.62
1557.000 1.210E3 -92.60
1558.000 1.210E3 -92.31
1559.000 1.209E3 -92.61
1560.000 1.208E3 -92.36
1561.000 1.207E3 -92.45
1562.000 1.206E3 -92.49
1563.000 1.205E3 -92.42
1564.000 1.204E3 -92.82
1565.000 1.204E3 -92.41
1566.000 1.203E3 -92.39
1567.000 1.202E3 -92.53
1568.000 1.201E3 -92.35
1569.000 1.199E3 -92.73
1570.000 1.198E3 -92.57
1571.000 1.197E3 -92.90
1572.000 1.196E3 -93.49
1573.000 1.195E3 -93.05
1574.000 1.194E3 -93.34
1575.000 1.193E3 -93.33
1576.000 1.193E3 -93.35
1577.000 1.191E3 -93.69
1578.000 1.190E3 -93.40
1579.000 1.189E3 -93.46
1580.000 1.187E3 -93.21
1581.000 1.186E3 -93.23
1582.000 1.185E3 -93.53
1583.000 1.184E3 -93.08
1584.000 1.182E3 -93.39
1585.000 1.181E3 -93.34
1586.000 1.180E3 -93.11
1587.000 1.179E3 -93.34
1588.000 1.178E3 -93.16
1589.000 1.177E3 -93.51
1590.000 1.175E3 -93.50
1591.000 1.175E3 -93.46
1592.000 1.174E3 -93.51
1593.000 1.172E3 -93.30
1594.000 1.171E3 -93.68
1595.000 1.170E3 -93.47
1596.000 1.169E3 -93.47
1597.000 1.168E3 -93.88
1598.000 1.166E3 -93.72
1599.000 1.165E3 -93.92
1600.000 1.164E3 -93.85
1601.000 1.163E3 -93.62
1602.000 1.161E3 -93.80
1603.000 1.160E3 -93.31
1604.000 1.159E3 -93.78
1605.000 1.158E3 -93.68
1606.000 1.157E3 -93.60
1607.000 1.155E3 -93.81
1608.000 1.154E3 -93.54
1609.000 1.153E3 -93.96
1610.000 1.152E3 -93.89
1611.000 1.151E3 -93.97
1612.000 1.150E3 -94.40
1613.000 1.148E3 -94.12
1614.000 1.147E3 -94.46
1615.000 1.146E3 -94.15
1616.000 1.145E3 -94.22
1617.000 1.144E3 -94.38
1618.000 1.142E3 -93.93
1619.000 1.141E3 -94.41
1620.000 1.140E3 -94.21
1621.000 1.139E3 -94.07
1622.000 1.138E3 -94.37
1623.000 1.137E3 -94.18
1624.000 1.136E3 -94.55
1625.000 1.134E3 -94.22
1626.000 1.133E3 -93.95
1627.000 1.132E3 -94.55
1628.000 1.131E3 -94.12
1629.000 1.130E3 -94.73
1630.000 1.129E3 -94.53
1631.000 1.128E3 -94.27
1632.000 1.126E3 -94.80
1633.000 1.125E3 -94.35
1634.000 1.124E3 -94.75
1635.000 1.123E3 -94.50
1636.000 1.122E3 -94.47
1637.000 1.121E3 -94.70
1638.000 1.120E3 -94.36
1639.000 1.119E3 -94.73
1640.000 1.118E3 -94.62
1641.000 1.117E3 -94.50
1642.000 1.116E3 -94.83
1643.000 1.115E3 -94.37
1644.000 1.114E3 -94.61
1645.000 1.113E3 -94.63
1646.000 1.113E3 -94.44
1647.000 1.112E3 -94.90
1648.000 1.111E3 -94.85
1649.000 1.110E3 -94.84
1650.000 1.109E3 -94.71
1651.000 1.108E3 -94.72
1652.000 1.107E3 -95.21
1653.000 1.106E3 -95.07
1654.000 1.105E3 -95.36
1655.000 1.105E3 -95.09
1656.000 1.104E3 -95.02
1657.000 1.103E3 -95.46
1658.000 1.102E3 -95.09
1659.000 1.101E3 -95.34
1660.000 1.100E3 -95.26
1661.000 1.100E3 -95.10
1662.000 1.099E3 -95.32
1663.000 1.098E3 -95.09
1664.000 1.098E3 -95.36
1665.000 1.097E3 -95.34
1666.000 1.096E3 -95.30
1667.000 1.096E3 -95.70
1668.000 1.095E3 -95.22
1669.000 1.094E3 -95.37
1670.000 1.094E3 -95.40
1671.000 1.093E3 -95.17
1672.000 1.093E3 -95.46
1673.000 1.092E3 -95.02
1674.000 1.091E3 -95.32
1675.000 1.091E3 -95.36
1676.000 1.090E3 -95.16
1677.000 1.090E3 -95.49
1678.000 1.090E3 -95.23
1679.000 1.089E3 -95.39
1680.000 1.089E3 -95.43
1681.000 1.088E3 -95.29
1682.000 1.088E3 -95.64
1683.000 1.088E3 -95.28
1684.000 1.087E3 -95.43
1685.000 1.087E3 -95.43
1686.000 1.087E3 -95.20
1687.000 1.086E3 -95.56
1688.000 1.086E3 -95.26
1689.000 1.086E3 -95.48
1690.000 1.086E3 -95.50
1691.000 1.086E3 -95.23
1692.000 1.085E3 -95.70
1693.000 1.085E3 -95.39
1694.000 1.085E3 -95.53
1695.000 1.085E3 -95.44
1696.000 1.085E3 -95.33
1697.000 1.085E3 -95.61
1698.000 1.085E3 -95.41
1699.000 1.085E3 -95.53
1700.000 1.085E3 -95.45
1701.000 1.085E3 -95.36
1702.000 1.084E3 -95.63
1703.000 1.085E3 -95.36
1704.000 1.085E3 -95.58
1705.000 1.085E3 -95.51
1706.000 1.085E3 -95.38
1707.000 1.085E3 -95.55
1708.000 1.085E3 -95.27
1709.000 1.085E3 -95.50
1710.000 1.085E3 -95.66
1711.000 1.086E3 -95.34
1712.000 1.086E3 -95.58
1713.000 1.086E3 -95.18
1714.000 1.086E3 -95.44
1715.000 1.086E3 -95.47
1716.000 1.087E3 -95.24
1717.000 1.087E3 -95.54
1718.000 1.087E3 -95.30
1719.000 1.088E3 -95.51
1720.000 1.088E3 -95.40
1721.000 1.088E3 -95.27
1722.000 1.088E3 -95.49
1723.000 1.089E3 -95.24
1724.000 1.089E3 -95.36
1725.000 1.090E3 -95.33
1726.000 1.090E3 -95.23
1727.000 1.091E3 -95.45
1728.000 1.091E3 -95.15
1729.000 1.092E3 -95.36
1730.000 1.092E3 -95.31
1731.000 1.093E3 -95.16
1732.000 1.093E3 -95.32
1733.000 1.094E3 -95.21
1734.000 1.094E3 -95.42
1735.000 1.095E3 -95.56
1736.000 1.096E3 -95.11
1737.000 1.096E3 -95.50
1738.000 1.097E3 -95.20
1739.000 1.098E3 -95.22
1740.000 1.098E3 -95.37
1741.000 1.099E3 -95.03
1742.000 1.100E3 -95.33
1743.000 1.101E3 -95.09
1744.000 1.101E3 -95.35
1745.000 1.102E3 -95.32
1746.000 1.103E3 -94.94
1747.000 1.104E3 -95.40
1748.000 1.104E3 -95.05
1749.000 1.105E3 -95.23
1750.000 1.106E3 -95.32
1751.000 1.107E3 -95.03
1752.000 1.108E3 -95.27
1753.000 1.109E3 -94.82
1754.000 1.109E3 -94.85
1755.000 1.110E3 -94.80
1756.000 1.112E3 -94.56
1757.000 1.112E3 -94.79
1758.000 1.113E3 -94.47
1759.000 1.114E3 -94.61
1760.000 1.115E3 -94.49
1761.000 1.116E3 -94.34
1762.000 1.117E3 -94.71
1763.000 1.118E3 -94.37
1764.000 1.119E3 -94.62
1765.000 1.120E3 -94.58
1766.000 1.121E3 -94.23
1767.000 1.122E3 -94.74
1768.000 1.123E3 -94.32
1769.000 1.124E3 -94.51
1770.000 1.125E3 -94.63
1771.000 1.126E3 -94.41
1772.000 1.127E3 -94.63
1773.000 1.128E3 -94.29
1774.000 1.129E3 -94.67
1775.000 1.130E3 -94.35
1776.000 1.132E3 -94.09
1777.000 1.133E3 -94.31
1778.000 1.134E3 -94.06
1779.000 1.135E3 -94.33
1780.000 1.136E3 -94.45
1781.000 1.137E3 -94.10
1782.000 1.138E3 -94.21
1783.000 1.139E3 -93.90
1784.000 1.140E3 -94.25
1785.000 1.141E3 -94.13
1786.000 1.142E3 -94.02
1787.000 1.144E3 -94.41
1788.000 1.145E3 -94.16
1789.000 1.146E3 -94.20
1790.000 1.147E3 -94.28
1791.000 1.148E3 -94.01
1792.000 1.149E3 -94.37
1793.000 1.150E3 -93.84
1794.000 1.152E3 -93.76
1795.000 1.153E3 -93.87
1796.000 1.154E3 -93.70
1797.000 1.155E3 -93.81
1798.000 1.156E3 -93.41
1799.000 1.157E3 -93.62
1800.000 1.158E3 -93.78
1801.000 1.159E3 -93.46
1802.000 1.161E3 -93.90
1803.000 1.162E3 -93.68
1804.000 1.163E3 -93.70
1805.000 1.164E3 -93.76
1806.000 1.165E3 -93.43
1807.000 1.166E3 -93.88
1808.000 1.167E3 -93.59
1809.000 1.168E3 -93.59
1810.000 1.170E3 -93.60
1811.000 1.171E3 -93.29
1812.000 1.172E3 -93.62
1813.000 1.173E3 -93.30
1814.000 1.174E3 -93.44
1815.000 1.175E3 -93.57
1816.000 1.176E3 -93.08
1817.000 1.177E3 -93.41
1818.000 1.178E3 -93.08
1819.000 1.179E3 -93.13
1820.000 1.180E3 -93.33
1821.000 1.181E3 -93.13
1822.000 1.183E3 -93.45
1823.000 1.184E3 -93.36
1824.000 1.185E3 -93.28
1825.000 1.186E3 -93.39
1826.000 1.187E3 -93.01
1827.000 1.188E3 -93.40
1828.000 1.189E3 -93.17
1829.000 1.190E3 -93.54
1830.000 1.192E3 -93.50
1831.000 1.193E3 -92.91
1832.000 1.193E3 -93.38
1833.000 1.194E3 -93.10
1834.000 1.195E3 -93.21
1835.000 1.196E3 -93.36
1836.000 1.197E3 -93.01
1837.000 1.198E3 -93.26
1838.000 1.199E3 -92.75
1839.000 1.200E3 -92.67
1840.000 1.201E3 -92.60
1841.000 1.202E3 -92.26
1842.000 1.203E3 -92.73
1843.000 1.203E3 -92.32
1844.000 1.204E3 -92.40
1845.000 1.205E3 -92.66
1846.000 1.206E3 -92.23
1847.000 1.207E3 -92.66
1848.000 1.207E3 -92.50
1849.000 1.208E3 -92.46
1850.000 1.209E3 -92.59
1851.000 1.209E3 -92.39
1852.000 1.210E3 -92.60
1853.000 1.211E3 -92.42
1854.000 1.212E3 -92.38
1855.000 1.212E3 -92.71
1856.000 1.213E3 -92.21
1857.000 1.213E3 -92.62
1858.000 1.214E3 -92.25
1859.000 1.214E3 -92.37
1860.000 1.215E3 -92.39
1861.000 1.216E3 -92.17
1862.000 1.216E3 -92.49
1863.000 1.217E3 -92.38
1864.000 1.217E3 -92.42
1865.000 1.218E3 -92.41
1866.000 1.218E3 -92.04
1867.000 1.219E3 -92.39
1868.000 1.219E3 -92.09
1869.000 1.219E3 -92.29
1870.000 1.220E3 -92.51
1871.000 1.220E3 -92.00
1872.000 1.220E3 -92.35
1873.000 1.221E3 -92.06
1874.000 1.221E3 -92.19
1875.000 1.222E3 -92.37
1876.000 1.222E3 -92.01
1877.000 1.222E3 -92.35
1878.000 1.222E3 -92.22
1879.000 1.223E3 -92.18
1880.000 1.223E3 -92.44
1881.000 1.223E3 -91.92
1882.000 1.223E3 -92.44
1883.000 1.224E3 -92.15
1884.000 1.224E3 -92.08
1885.000 1.224E3 -92.33
1886.000 1.224E3 -92.20
1887.000 1.224E3 -92.31
1888.000 1.224E3 -92.17
1889.000 1.224E3 -92.28
1890.000 1.224E3 -92.24
1891.000 1.224E3 -92.04
1892.000 1.224E3 -92.37
1893.000 1.224E3 -92.00
1894.000 1.224E3 -92.13
1895.000 1.224E3 -92.20
1896.000 1.224E3 -92.15
1897.000 1.224E3 -92.34
1898.000 1.224E3 -92.23
1899.000 1.224E3 -92.11
1900.000 1.224E3 -92.34
1901.000 1.223E3 -92.09
1902.000 1.223E3 -92.30
1903.000 1.223E3 -92.21
1904.000 1.223E3 -92.23
1905.000 1.222E3 -92.30
1906.000 1.222E3 -92.24
1907.000 1.222E3 -92.40
1908.000 1.222E3 -92.11
1909.000 1.221E3 -92.20
1910.000 1.221E3 -92.39
1911.000 1.221E3 -92.07
1912.000 1.220E3 -92.37
1913.000 1.220E3 -92.16
1914.000 1.219E3 -92.25
1915.000 1.219E3 -92.52
1916.000 1.219E3 -92.20
1917.000 1.218E3 -92.48
1918.000 1.218E3 -92.35
1919.000 1.217E3 -92.39
1920.000 1.217E3 -92.46
1921.000 1.216E3 -92.28
1922.000 1.216E3 -92.42
1923.000 1.215E3 -92.35
1924.000 1.215E3 -92.30
1925.000 1.214E3 -92.43
1926.000 1.213E3 -92.22
