 Masse A  
t x y 
0.000 -9.959 71.37
1.000 -9.512 71.35
2.000 -9.374 71.46
3.000 -8.957 71.54
4.000 -8.435 71.49
5.000 -7.947 71.44
6.000 -7.652 71.36
7.000 -7.311 71.31
8.000 -7.042 71.55
9.000 -6.678 71.64
10.000 -6.193 71.59
11.000 -5.759 71.53
12.000 -5.513 71.49
13.000 -5.417 71.55
14.000 -4.663 71.49
15.000 -4.380 71.43
16.000 -3.958 71.49
17.000 -3.731 71.62
18.000 -3.508 71.60
19.000 -3.278 71.56
20.000 -2.843 71.55
21.000 -2.360 71.56
22.000 -1.854 71.61
23.000 -1.385 71.35
24.000 -1.113 71.44
25.000 -1.086 71.67
26.000 -0.636 71.54
27.000 -0.337 71.54
28.000 0.124 71.58
29.000 0.383 71.61
30.000 0.446 71.53
31.000 0.646 71.32
32.000 1.167 71.53
33.000 1.578 71.50
34.000 1.925 71.58
35.000 2.155 71.65
36.000 2.388 71.65
37.000 2.400 71.68
38.000 2.793 71.67
39.000 3.120 71.60
40.000 3.288 71.60
41.000 3.660 71.50
42.000 4.196 71.52
43.000 4.253 71.51
44.000 4.337 71.52
45.000 4.390 71.56
46.000 4.769 71.52
47.000 5.292 71.55
48.000 5.307 71.56
49.000 5.333 71.48
50.000 5.575 71.54
51.000 6.067 71.54
52.000 6.147 71.61
53.000 6.262 71.60
54.000 6.286 71.49
55.000 6.385 71.55
56.000 6.749 71.53
57.000 7.041 71.63
58.000 7.448 71.61
59.000 7.477 71.56
60.000 7.574 71.58
61.000 7.885 71.55
62.000 7.902 71.61
63.000 7.973 71.70
64.000 8.120 71.61
65.000 8.159 71.72
66.000 8.231 71.64
67.000 8.383 71.65
68.000 8.460 71.68
69.000 8.573 71.54
70.000 8.875 71.59
71.000 8.995 71.55
72.000 9.142 71.57
73.000 9.089 71.62
74.000 9.150 71.56
75.000 9.135 71.58
76.000 9.189 71.58
77.000 9.233 71.58
78.000 9.260 71.67
79.000 9.262 71.59
80.000 9.349 71.65
81.000 9.365 71.64
82.000 9.377 71.65
83.000 9.378 71.67
84.000 9.489 71.68
85.000 9.459 71.69
86.000 9.469 71.68
87.000 9.442 71.62
88.000 9.482 71.70
89.000 9.416 71.65
90.000 9.408 71.67
91.000 9.383 71.67
92.000 9.363 71.64
93.000 9.360 71.66
94.000 9.414 71.57
95.000 9.351 71.61
96.000 9.285 71.65
97.000 9.285 71.56
98.000 9.292 71.59
99.000 9.217 71.57
100.000 9.179 71.59
101.000 9.152 71.60
102.000 9.128 71.55
103.000 9.101 71.63
104.000 9.048 71.57
105.000 9.008 71.63
106.000 8.942 71.62
107.000 8.892 71.57
108.000 8.539 71.75
109.000 8.235 71.73
110.000 8.156 71.61
111.000 8.046 71.78
112.000 7.967 71.56
113.000 7.889 71.65
114.000 7.825 71.60
115.000 7.770 71.60
116.000 7.647 71.65
117.000 7.606 71.58
118.000 7.482 71.61
119.000 6.781 71.59
120.000 6.633 71.47
121.000 6.576 71.71
122.000 6.541 71.51
123.000 6.173 71.58
124.000 5.859 71.67
125.000 5.871 71.57
126.000 5.801 71.59
127.000 5.528 71.54
128.000 5.287 71.59
129.000 5.203 71.64
130.000 4.785 71.54
131.000 4.793 71.57
132.000 4.435 71.54
133.000 4.230 71.50
134.000 3.952 71.50
135.000 3.832 71.54
136.000 3.529 71.70
137.000 3.055 71.67
138.000 3.027 71.67
139.000 2.700 71.79
140.000 2.666 71.70
141.000 2.327 71.80
142.000 2.131 71.68
143.000 1.829 71.66
144.000 1.677 71.61
145.000 1.412 71.39
146.000 0.996 71.35
147.000 0.801 71.32
148.000 0.717 71.42
149.000 0.453 71.70
150.000 2.092E-2 71.62
151.000 -0.150 71.63
152.000 -0.594 71.57
153.000 -0.950 71.48
154.000 -1.006 71.54
155.000 -1.000 71.36
156.000 -1.391 71.49
157.000 -1.766 71.69
158.000 -2.250 71.58
159.000 -2.462 71.65
160.000 -2.974 71.56
161.000 -3.106 71.68
162.000 -3.336 71.65
163.000 -3.580 71.68
164.000 -3.876 71.66
165.000 -4.066 71.43
166.000 -4.142 71.48
167.000 -4.464 71.57
168.000 -5.006 71.49
169.000 -5.187 71.61
170.000 -5.589 71.52
171.000 -5.902 71.59
172.000 -6.151 71.70
173.000 -6.408 71.71
174.000 -6.709 71.70
175.000 -6.909 71.60
176.000 -7.251 71.57
177.000 -7.315 71.53
178.000 -7.794 71.64
179.000 -8.172 71.69
180.000 -8.383 71.65
181.000 -8.588 71.70
182.000 -9.167 71.63
183.000 -9.203 71.50
184.000 -9.300 71.60
185.000 -9.619 71.58
186.000 -10.10 71.49
187.000 -10.31 71.59
188.000 -10.66 71.55
189.000 -11.12 71.66
190.000 -11.40 71.51
191.000 -11.51 71.56
192.000 -11.93 71.54
193.000 -12.03 71.46
194.000 -12.37 71.47
195.000 -12.66 71.56
196.000 -13.10 71.55
197.000 -13.16 71.67
198.000 -13.58 71.65
199.000 -13.97 71.70
200.000 -14.16 71.58
201.000 -14.38 71.52
202.000 -14.43 71.56
203.000 -14.65 71.51
204.000 -15.01 71.35
205.000 -15.20 71.30
206.000 -15.52 71.37
207.000 -15.77 71.53
208.000 -15.84 71.49
209.000 -16.26 71.62
210.000 -16.42 71.62
211.000 -16.57 71.50
212.000 -16.85 71.61
213.000 -17.18 71.56
214.000 -17.21 71.61
215.000 -17.50 71.67
216.000 -17.85 71.60
217.000 -17.97 71.63
218.000 -18.18 71.42
219.000 -18.21 71.37
220.000 -18.55 71.49
221.000 -18.86 71.44
222.000 -19.05 71.56
223.000 -19.17 71.49
224.000 -19.51 71.55
225.000 -19.81 71.68
226.000 -19.93 71.64
227.000 -20.05 71.68
228.000 -20.20 71.57
229.000 -20.23 71.55
230.000 -20.29 71.62
231.000 -20.30 71.58
232.000 -20.38 71.66
233.000 -20.33 71.59
234.000 -20.47 71.59
235.000 -20.96 71.62
236.000 -21.08 71.53
237.000 -21.23 71.64
238.000 -21.37 71.57
239.000 -21.45 71.54
240.000 -21.77 71.63
241.000 -21.97 71.59
242.000 -22.09 71.62
243.000 -22.14 71.63
244.000 -22.21 71.69
245.000 -22.23 71.66
246.000 -22.30 71.59
247.000 -22.28 71.63
248.000 -22.31 71.62
249.000 -22.38 71.61
250.000 -22.38 71.61
251.000 -22.40 71.53
252.000 -22.67 71.59
253.000 -22.90 71.56
254.000 -23.00 71.54
255.000 -23.05 71.59
256.000 -23.07 71.52
257.000 -23.10 71.56
258.000 -23.18 71.60
259.000 -23.19 71.55
260.000 -23.20 71.62
261.000 -23.19 71.55
262.000 -23.21 71.62
263.000 -23.24 71.60
264.000 -23.28 71.52
265.000 -23.26 71.61
266.000 -23.25 71.57
267.000 -23.26 71.55
268.000 -23.22 71.59
269.000 -23.13 71.54
270.000 -23.16 71.55
271.000 -23.12 71.55
272.000 -23.11 71.55
273.000 -23.09 71.57
274.000 -23.05 71.53
275.000 -22.98 71.60
276.000 -22.91 71.58
277.000 -22.88 71.60
278.000 -22.87 71.62
279.000 -22.81 71.58
280.000 -22.76 71.65
281.000 -22.72 71.68
282.000 -22.68 71.64
283.000 -22.61 71.69
284.000 -22.46 71.55
285.000 -22.18 71.63
286.000 -22.06 71.60
287.000 -22.03 71.59
288.000 -21.80 71.61
289.000 -21.76 71.53
290.000 -21.64 71.59
291.000 -21.56 71.57
292.000 -21.46 71.61
293.000 -21.36 71.70
294.000 -20.91 71.54
295.000 -20.84 71.61
296.000 -20.51 71.64
297.000 -20.56 71.57
298.000 -20.57 71.62
299.000 -20.50 71.56
300.000 -20.24 71.60
301.000 -20.00 71.64
302.000 -19.78 71.61
303.000 -19.70 71.57
304.000 -19.45 71.49
305.000 -19.03 71.51
306.000 -18.84 71.51
307.000 -18.54 71.43
308.000 -18.51 71.52
309.000 -18.35 71.49
310.000 -17.94 71.59
311.000 -17.73 71.66
312.000 -17.62 71.65
313.000 -17.26 71.61
314.000 -17.04 71.60
315.000 -16.80 71.53
316.000 -16.71 71.57
317.000 -16.38 71.50
318.000 -15.87 71.57
319.000 -15.77 71.47
320.000 -15.61 71.39
321.000 -15.46 71.38
322.000 -15.05 71.18
323.000 -14.87 71.53
324.000 -14.66 71.64
325.000 -14.62 71.55
326.000 -14.36 71.61
327.000 -14.04 71.61
328.000 -13.76 71.73
329.000 -13.37 71.68
330.000 -12.96 71.54
331.000 -12.81 71.56
332.000 -12.35 71.29
333.000 -11.90 71.52
334.000 -11.84 71.50
335.000 -11.73 71.49
336.000 -11.51 71.74
337.000 -11.17 71.61
338.000 -10.70 71.52
339.000 -10.33 71.57
340.000 -9.907 71.53
341.000 -9.576 71.67
342.000 -9.570 71.61
343.000 -9.543 71.67
344.000 -9.085 71.70
345.000 -8.803 71.66
346.000 -8.261 71.66
347.000 -7.829 71.62
348.000 -7.524 71.57
349.000 -7.255 71.59
350.000 -6.966 71.57
351.000 -6.635 71.80
352.000 -6.322 71.73
353.000 -5.955 71.66
354.000 -5.807 71.56
355.000 -5.374 71.53
356.000 -4.891 71.63
357.000 -4.587 71.54
358.000 -4.342 71.40
359.000 -4.067 71.54
360.000 -3.817 71.63
361.000 -3.571 71.77
362.000 -3.349 71.59
363.000 -2.936 71.60
364.000 -2.477 71.57
365.000 -2.248 71.55
366.000 -1.720 71.69
367.000 -1.307 71.46
368.000 -0.888 71.46
369.000 -1.014 71.64
370.000 -0.673 71.57
371.000 -0.299 71.62
372.000 0.145 71.75
373.000 0.550 71.39
374.000 0.845 71.41
375.000 1.210 71.42
376.000 1.465 71.60
377.000 1.577 71.82
378.000 2.068 71.73
379.000 2.197 72.00
380.000 2.392 72.01
381.000 2.698 72.10
382.000 2.936 72.06
383.000 3.363 71.76
384.000 3.786 71.61
385.000 4.254 71.55
386.000 4.282 71.61
387.000 4.432 71.71
388.000 4.834 71.59
389.000 5.405 71.74
390.000 5.365 71.62
391.000 5.680 71.65
392.000 6.137 71.61
393.000 6.356 71.59
394.000 6.455 71.57
395.000 6.711 71.57
396.000 7.394 71.60
397.000 7.436 71.71
398.000 7.822 71.64
399.000 8.089 71.74
400.000 8.227 71.70
401.000 8.665 71.59
402.000 9.116 71.62
403.000 9.190 71.58
404.000 9.501 71.70
405.000 9.499 71.73
406.000 9.623 71.61
407.000 9.892 71.64
408.000 10.14 71.66
409.000 10.60 71.60
410.000 11.04 71.69
411.000 11.01 71.61
412.000 11.02 71.70
413.000 11.26 71.57
414.000 11.33 71.60
415.000 11.66 71.56
416.000 11.93 71.60
417.000 12.23 71.72
418.000 12.16 71.71
419.000 12.48 71.78
420.000 12.56 71.67
421.000 12.93 71.65
422.000 13.24 71.71
423.000 13.31 71.68
424.000 13.32 71.68
425.000 13.40 71.76
426.000 13.63 71.73
427.000 13.78 71.81
428.000 13.84 71.75
429.000 13.92 71.75
430.000 14.17 71.70
431.000 14.20 71.68
432.000 14.40 71.73
433.000 14.47 71.74
434.000 14.77 71.58
435.000 15.00 71.63
436.000 15.05 71.51
437.000 15.06 71.59
438.000 15.14 71.54
439.000 15.21 71.56
440.000 15.39 71.61
441.000 15.53 71.58
442.000 15.52 71.68
443.000 15.62 71.60
444.000 16.06 71.58
445.000 16.06 71.70
446.000 16.12 71.59
447.000 16.14 71.68
448.000 16.11 71.69
449.000 16.15 71.65
450.000 16.12 71.70
451.000 16.19 71.65
452.000 16.22 71.75
453.000 16.22 71.69
454.000 16.24 71.68
455.000 16.20 71.71
456.000 16.33 71.67
457.000 16.28 71.72
458.000 16.30 71.74
459.000 16.34 71.64
460.000 16.21 71.74
461.000 16.29 71.63
462.000 16.22 71.69
463.000 16.22 71.69
464.000 16.28 71.64
465.000 16.20 71.73
466.000 16.23 71.66
467.000 16.21 71.70
468.000 16.09 71.71
469.000 16.07 71.59
470.000 15.98 71.68
471.000 16.04 71.63
472.000 15.98 71.62
473.000 15.75 71.73
474.000 15.73 71.62
475.000 15.67 71.69
476.000 15.68 71.67
477.000 15.51 71.58
478.000 15.19 71.61
479.000 15.10 71.59
480.000 14.89 71.66
481.000 14.93 71.66
482.000 14.83 71.62
483.000 14.61 71.82
484.000 14.58 71.70
485.000 14.33 71.77
486.000 13.99 71.79
487.000 13.95 71.65
488.000 13.88 71.77
489.000 13.84 71.69
490.000 13.82 71.73
491.000 13.61 71.71
492.000 13.66 71.63
493.000 13.57 71.66
494.000 13.48 71.69
495.000 12.95 71.66
496.000 12.79 71.67
497.000 12.64 71.63
498.000 12.50 71.75
499.000 12.00 71.57
500.000 11.88 71.60
501.000 11.77 71.62
502.000 11.57 71.62
503.000 11.16 71.70
504.000 10.99 71.65
505.000 10.93 71.70
506.000 10.87 71.74
507.000 10.45 71.66
508.000 10.12 71.69
509.000 9.785 71.56
510.000 9.849 71.63
511.000 9.771 71.62
512.000 9.685 71.53
513.000 9.315 71.72
514.000 9.054 71.56
515.000 8.695 71.61
516.000 8.422 71.84
517.000 8.134 71.67
518.000 7.785 71.71
519.000 7.725 71.64
520.000 7.458 71.64
521.000 7.101 71.58
522.000 6.626 71.53
523.000 6.606 71.62
524.000 6.421 71.55
525.000 5.859 71.60
526.000 5.832 71.64
527.000 5.539 71.62
528.000 5.268 71.68
529.000 4.808 71.61
530.000 4.548 71.52
531.000 4.499 71.60
532.000 3.983 71.48
533.000 3.632 71.54
534.000 3.317 71.66
535.000 3.055 71.64
536.000 2.727 71.82
537.000 2.573 71.80
538.000 2.429 71.78
539.000 1.919 71.81
540.000 1.780 71.57
541.000 1.569 71.52
542.000 1.262 71.32
543.000 0.866 71.41
544.000 0.615 71.53
545.000 0.497 71.65
546.000 1.663E-3 71.75
547.000 -0.376 71.62
548.000 -0.622 71.53
549.000 -0.938 71.56
550.000 -0.976 71.41
551.000 -1.285 71.51
552.000 -1.784 71.75
553.000 -2.282 71.63
554.000 -2.401 71.57
555.000 -2.824 71.55
556.000 -3.158 71.84
557.000 -3.344 71.66
558.000 -3.612 71.67
559.000 -3.889 71.62
560.000 -4.171 71.29
561.000 -4.217 71.49
562.000 -4.607 71.60
563.000 -4.977 71.50
564.000 -5.341 71.65
565.000 -5.691 71.51
566.000 -5.916 71.69
567.000 -6.224 71.75
568.000 -6.491 71.72
569.000 -6.989 71.69
570.000 -7.101 71.56
571.000 -7.141 71.56
572.000 -7.512 71.64
573.000 -8.021 71.64
574.000 -8.252 71.70
575.000 -8.341 71.64
576.000 -8.617 71.66
577.000 -9.155 71.69
578.000 -9.230 71.59
579.000 -9.292 71.62
580.000 -9.611 71.56
581.000 -10.10 71.57
582.000 -10.28 71.58
583.000 -10.52 71.53
584.000 -10.87 71.67
585.000 -11.20 71.59
586.000 -11.41 71.42
587.000 -11.44 71.49
588.000 -11.58 71.48
589.000 -11.85 71.52
590.000 -12.18 71.44
591.000 -12.40 71.43
592.000 -12.66 71.63
593.000 -13.06 71.57
594.000 -13.30 71.68
595.000 -13.49 71.72
596.000 -13.78 71.64
597.000 -14.23 71.71
598.000 -14.16 71.54
599.000 -14.27 71.60
600.000 -14.42 71.54
601.000 -14.51 71.51
602.000 -14.81 71.50
603.000 -15.10 71.23
604.000 -15.21 71.28
605.000 -15.40 71.33
606.000 -15.44 71.32
607.000 -15.51 71.55
608.000 -15.77 71.47
609.000 -15.99 71.61
610.000 -16.20 71.59
611.000 -16.24 71.49
612.000 -16.40 71.61
613.000 -16.53 71.51
614.000 -16.84 71.53
615.000 -16.93 71.64
616.000 -17.09 71.55
617.000 -17.13 71.63
618.000 -17.30 71.57
619.000 -17.34 71.59
620.000 -17.42 71.64
621.000 -17.64 71.62
622.000 -17.91 71.65
623.000 -18.02 71.54
624.000 -18.16 71.41
625.000 -18.16 71.52
626.000 -18.14 71.41
627.000 -18.25 71.46
628.000 -18.24 71.39
629.000 -18.30 71.37
630.000 -18.33 71.43
631.000 -18.36 71.37
632.000 -18.42 71.43
633.000 -18.46 71.37
634.000 -18.60 71.54
635.000 -18.90 71.53
636.000 -19.05 71.45
637.000 -19.04 71.50
638.000 -19.08 71.48
639.000 -19.12 71.46
640.000 -19.19 71.50
641.000 -19.17 71.46
642.000 -19.23 71.47
643.000 -19.17 71.49
644.000 -19.21 71.48
645.000 -19.23 71.49
646.000 -19.22 71.49
647.000 -19.27 71.52
648.000 -19.30 71.47
649.000 -19.22 71.43
650.000 -19.21 71.45
651.000 -19.17 71.45
652.000 -19.17 71.44
653.000 -19.19 71.44
654.000 -19.05 71.46
655.000 -19.09 71.49
656.000 -19.04 71.44
657.000 -18.98 71.49
658.000 -18.93 71.48
659.000 -18.91 71.45
660.000 -18.74 71.51
661.000 -18.82 71.44
662.000 -18.75 71.48
663.000 -18.73 71.51
664.000 -18.61 71.42
665.000 -18.56 71.50
666.000 -18.54 71.48
667.000 -18.48 71.51
668.000 -18.37 71.58
669.000 -17.90 71.56
670.000 -17.86 71.67
671.000 -17.85 71.65
672.000 -17.73 71.61
673.000 -17.64 71.67
674.000 -17.56 71.63
675.000 -17.45 71.58
676.000 -17.09 71.64
677.000 -17.01 71.56
678.000 -16.92 71.58
679.000 -16.81 71.44
680.000 -16.71 71.54
681.000 -16.61 71.50
682.000 -16.28 71.47
683.000 -15.91 71.55
684.000 -15.89 71.49
685.000 -15.73 71.45
686.000 -15.64 71.40
687.000 -15.52 71.41
688.000 -15.35 71.42
689.000 -15.09 71.38
690.000 -14.84 71.50
691.000 -14.77 71.56
692.000 -14.69 71.56
693.000 -14.60 71.60
694.000 -14.40 71.53
695.000 -14.11 71.66
696.000 -13.72 71.81
697.000 -13.61 71.61
698.000 -13.35 71.69
699.000 -13.08 71.54
700.000 -12.83 71.55
701.000 -12.45 71.50
702.000 -11.99 71.29
703.000 -11.89 71.49
704.000 -11.81 71.53
705.000 -11.74 71.50
706.000 -11.66 71.53
707.000 -11.50 71.60
708.000 -11.26 71.70
709.000 -10.66 71.53
710.000 -10.36 71.60
711.000 -9.909 71.56
712.000 -9.827 71.58
713.000 -9.504 71.70
714.000 -9.558 71.62
715.000 -9.457 71.66
716.000 -9.004 71.77
717.000 -8.635 71.68
718.000 -8.517 71.71
719.000 -8.171 71.65
720.000 -7.865 71.49
721.000 -7.467 71.61
722.000 -7.413 71.50
723.000 -6.938 71.68
724.000 -6.825 71.69
725.000 -6.395 71.72
726.000 -5.934 71.70
727.000 -5.898 71.57
728.000 -5.599 71.53
729.000 -5.272 71.58
730.000 -5.029 71.57
731.000 -4.620 71.64
732.000 -4.398 71.41
733.000 -4.144 71.47
734.000 -3.862 71.59
735.000 -3.627 71.64
736.000 -3.408 71.65
737.000 -3.187 71.66
738.000 -2.872 71.56
739.000 -2.540 71.54
740.000 -2.208 71.52
741.000 -1.819 71.69
742.000 -1.355 71.50
743.000 -1.006 71.49
744.000 -0.999 71.62
745.000 -0.815 71.54
746.000 -0.603 71.62
747.000 -0.197 71.64
748.000 0.171 71.65
749.000 0.435 71.67
750.000 0.690 71.25
751.000 0.960 71.39
752.000 1.398 71.50
753.000 1.595 71.56
754.000 1.934 71.75
755.000 2.093 71.73
756.000 2.329 71.79
757.000 2.424 71.77
758.000 2.796 71.68
759.000 3.060 71.70
760.000 3.389 71.56
761.000 3.710 71.55
762.000 4.209 71.50
763.000 4.245 71.56
764.000 4.396 71.71
765.000 4.705 71.61
766.000 5.257 71.75
767.000 5.289 71.72
768.000 5.444 71.55
769.000 5.617 71.69
770.000 6.165 71.60
771.000 6.255 71.64
772.000 6.447 71.58
773.000 6.522 71.55
774.000 6.943 71.62
775.000 7.498 71.64
776.000 7.544 71.67
777.000 7.990 71.71
778.000 8.114 71.65
779.000 8.221 71.71
780.000 8.671 71.59
781.000 9.131 71.58
782.000 9.145 71.63
783.000 9.266 71.63
784.000 9.439 71.75
785.000 9.663 71.65
786.000 9.836 71.65
787.000 9.986 71.63
788.000 10.19 71.65
789.000 10.48 71.76
790.000 10.68 71.60
791.000 10.94 71.70
792.000 10.95 71.68
793.000 11.02 71.61
794.000 11.12 71.61
795.000 11.48 71.60
796.000 11.49 71.58
797.000 11.69 71.66
798.000 11.99 71.67
799.000 12.27 71.75
800.000 12.27 71.73
801.000 12.31 71.73
802.000 12.54 71.73
803.000 12.62 71.61
804.000 13.03 71.68
805.000 13.12 71.72
806.000 13.18 71.67
807.000 13.29 71.69
808.000 13.36 71.70
809.000 13.36 71.74
810.000 13.41 71.73
811.000 13.63 71.70
812.000 13.76 71.75
813.000 13.86 71.74
814.000 13.97 71.72
815.000 13.99 71.76
816.000 14.11 71.70
817.000 14.15 71.76
818.000 14.25 71.69
819.000 14.35 71.70
820.000 14.35 71.68
821.000 14.46 71.66
822.000 14.52 71.73
823.000 14.55 71.62
824.000 14.86 71.64
825.000 14.92 71.61
826.000 14.99 71.55
827.000 14.98 71.60
828.000 15.12 71.56
829.000 15.08 71.57
830.000 15.08 71.57
831.000 15.06 71.57
832.000 15.06 71.56
833.000 15.06 71.57
834.000 15.11 71.56
835.000 15.11 71.57
836.000 15.13 71.54
837.000 15.12 71.57
838.000 15.13 71.54
839.000 15.09 71.57
840.000 15.09 71.63
841.000 15.10 71.56
842.000 15.05 71.60
843.000 15.05 71.59
844.000 15.01 71.59
845.000 14.98 71.61
846.000 14.96 71.59
847.000 14.91 71.68
848.000 14.88 71.64
849.000 14.86 71.63
850.000 14.72 71.69
851.000 14.73 71.64
852.000 14.55 71.70
853.000 14.53 71.76
854.000 14.18 71.71
855.000 13.93 71.80
856.000 13.96 71.75
857.000 13.93 71.78
858.000 13.88 71.81
859.000 13.89 71.74
860.000 13.86 71.71
861.000 13.79 71.71
862.000 13.78 71.75
863.000 13.69 71.75
864.000 13.48 71.71
865.000 13.23 71.71
866.000 13.07 71.70
867.000 12.98 71.65
868.000 12.87 71.67
869.000 12.74 71.62
870.000 12.61 71.66
871.000 12.50 71.72
872.000 12.13 71.64
873.000 12.01 71.60
874.000 11.82 71.55
875.000 11.73 71.66
876.000 11.30 71.64
877.000 11.05 71.64
878.000 10.95 71.78
879.000 10.90 71.68
880.000 10.91 71.70
881.000 10.64 71.66
882.000 10.26 71.64
883.000 10.06 71.65
884.000 9.948 71.60
885.000 9.840 71.64
886.000 9.778 71.61
887.000 9.427 71.69
888.000 9.148 71.55
889.000 8.818 71.61
890.000 8.800 71.60
891.000 8.370 71.76
892.000 8.196 71.73
893.000 8.030 71.77
894.000 7.719 71.64
895.000 7.687 71.67
896.000 7.311 71.62
897.000 6.842 71.57
898.000 6.612 71.61
899.000 6.530 71.55
900.000 6.079 71.60
901.000 5.712 71.68
902.000 5.687 71.59
903.000 5.615 71.58
904.000 5.538 71.72
905.000 4.891 71.64
906.000 4.632 71.59
907.000 4.580 71.46
908.000 4.276 71.59
909.000 4.014 71.54
910.000 3.609 71.53
911.000 3.399 71.68
912.000 2.982 71.67
913.000 2.780 71.81
914.000 2.560 71.88
915.000 2.494 71.96
916.000 2.097 72.14
917.000 1.684 72.05
918.000 1.647 72.02
919.000 1.413 71.83
920.000 0.985 71.35
921.000 0.741 71.44
922.000 0.640 71.48
923.000 0.362 71.77
924.000 -0.179 71.66
925.000 -0.550 71.58
926.000 -0.914 71.56
927.000 -1.030 71.45
928.000 -0.972 71.50
929.000 -1.306 71.51
930.000 -1.640 71.69
931.000 -2.185 71.65
932.000 -2.460 71.51
933.000 -2.987 71.64
934.000 -3.161 71.70
935.000 -3.223 71.63
936.000 -3.446 71.64
937.000 -3.810 71.59
938.000 -4.049 71.49
939.000 -4.157 71.55
940.000 -4.538 71.59
941.000 -4.823 71.59
942.000 -5.009 71.58
943.000 -5.424 71.56
944.000 -5.566 71.61
945.000 -5.885 71.64
946.000 -6.157 71.75
947.000 -6.479 71.74
948.000 -7.007 71.67
949.000 -7.011 71.61
950.000 -7.306 71.51
951.000 -7.408 71.54
952.000 -7.651 71.61
953.000 -8.142 71.64
954.000 -8.174 71.73
955.000 -8.533 71.64
956.000 -8.854 71.70
957.000 -9.060 71.65
958.000 -9.213 71.59
959.000 -9.270 71.61
960.000 -9.655 71.57
961.000 -9.903 71.54
962.000 -10.32 71.54
963.000 -10.35 71.60
964.000 -10.63 71.54
965.000 -11.04 71.58
966.000 -11.36 71.52
967.000 -11.42 71.49
968.000 -11.46 71.49
969.000 -11.73 71.52
970.000 -11.90 71.50
971.000 -12.04 71.53
972.000 -12.34 71.49
973.000 -12.65 71.52
974.000 -13.05 71.64
975.000 -13.15 71.63
976.000 -13.48 71.68
977.000 -13.83 71.75
978.000 -13.91 71.63
979.000 -14.18 71.71
980.000 -14.22 71.59
981.000 -14.28 71.56
982.000 -14.39 71.53
983.000 -14.51 71.59
984.000 -14.87 71.46
985.000 -14.96 71.41
986.000 -15.02 71.41
987.000 -15.18 71.35
988.000 -15.32 71.29
989.000 -15.34 71.37
990.000 -15.48 71.38
991.000 -15.72 71.51
992.000 -15.88 71.57
993.000 -16.14 71.58
994.000 -16.17 71.62
995.000 -16.20 71.51
996.000 -16.39 71.50
997.000 -16.38 71.57
998.000 -16.44 71.54
999.000 -16.45 71.58
1000.000 -16.52 71.52
1001.000 -16.92 71.57
1002.000 -17.01 71.61
1003.000 -17.05 71.55
1004.000 -17.11 71.56
1005.000 -17.33 71.55
1006.000 -17.30 71.60
1007.000 -17.33 71.61
1008.000 -17.60 71.65
1009.000 -17.79 71.68
1010.000 -17.83 71.69
1011.000 -17.88 71.65
1012.000 -17.93 71.69
1013.000 -17.99 71.54
1014.000 -18.03 71.56
1015.000 -18.02 71.58
1016.000 -18.06 71.53
1017.000 -18.06 71.54
1018.000 -18.09 71.46
1019.000 -18.09 71.56
1020.000 -18.11 71.56
1021.000 -18.09 71.50
1022.000 -18.12 71.53
1023.000 -18.11 71.51
1024.000 -18.14 71.52
1025.000 -18.12 71.50
1026.000 -18.08 71.48
1027.000 -18.08 71.54
1028.000 -18.08 71.51
1029.000 -18.07 71.53
1030.000 -18.07 71.53
1031.000 -18.06 71.52
1032.000 -18.00 71.57
1033.000 -17.94 71.60
1034.000 -17.96 71.58
1035.000 -17.94 71.67
1036.000 -17.93 71.61
1037.000 -17.89 71.67
1038.000 -17.85 71.66
1039.000 -17.87 71.65
1040.000 -17.82 71.68
1041.000 -17.82 71.67
1042.000 -17.73 71.67
1043.000 -17.68 71.65
1044.000 -17.53 71.68
1045.000 -17.47 71.69
1046.000 -17.45 71.58
1047.000 -17.18 71.58
1048.000 -17.04 71.60
1049.000 -16.94 71.55
1050.000 -16.85 71.56
1051.000 -16.79 71.48
1052.000 -16.70 71.54
1053.000 -16.64 71.55
1054.000 -16.54 71.50
1055.000 -16.36 71.57
1056.000 -15.95 71.56
1057.000 -15.86 71.50
1058.000 -15.73 71.43
1059.000 -15.74 71.37
1060.000 -15.63 71.38
1061.000 -15.38 71.30
1062.000 -15.05 71.41
1063.000 -15.02 71.46
1064.000 -14.85 71.49
1065.000 -14.83 71.55
1066.000 -14.70 71.56
1067.000 -14.62 71.57
1068.000 -14.37 71.63
1069.000 -14.14 71.63
1070.000 -14.01 71.73
1071.000 -13.74 71.72
1072.000 -13.53 71.67
1073.000 -13.46 71.71
1074.000 -13.17 71.65
1075.000 -12.98 71.54
1076.000 -12.66 71.50
1077.000 -12.49 71.53
1078.000 -12.27 71.46
1079.000 -12.02 71.50
1080.000 -11.81 71.56
1081.000 -11.78 71.52
1082.000 -11.74 71.55
1083.000 -11.60 71.69
1084.000 -11.43 71.59
1085.000 -10.83 71.57
1086.000 -10.49 71.51
1087.000 -10.34 71.56
1088.000 -9.830 71.58
1089.000 -9.769 71.59
1090.000 -9.443 71.60
1091.000 -9.281 71.60
1092.000 -9.048 71.69
1093.000 -8.906 71.70
1094.000 -8.575 71.66
1095.000 -8.502 71.70
1096.000 -8.144 71.66
1097.000 -7.826 71.55
1098.000 -7.503 71.54
1099.000 -7.447 71.50
1100.000 -7.162 71.62
1101.000 -6.783 71.67
1102.000 -6.766 71.67
1103.000 -6.325 71.73
1104.000 -5.931 71.60
1105.000 -5.645 71.55
1106.000 -5.622 71.59
1107.000 -5.266 71.58
1108.000 -4.780 71.63
1109.000 -4.748 71.61
1110.000 -4.452 71.47
1111.000 -4.113 71.51
1112.000 -3.961 71.54
1113.000 -3.686 71.69
1114.000 -3.510 71.77
1115.000 -3.422 71.60
1116.000 -3.019 71.63
1117.000 -2.706 71.48
1118.000 -2.363 71.57
1119.000 -2.064 71.60
1120.000 -1.659 71.64
1121.000 -1.301 71.53
1122.000 -0.904 71.49
1123.000 -1.041 71.63
1124.000 -0.838 71.59
1125.000 -0.649 71.62
1126.000 -0.215 71.70
1127.000 0.152 71.65
1128.000 0.441 71.65
1129.000 0.572 71.45
1130.000 1.030 71.42
1131.000 1.331 71.47
1132.000 1.398 71.60
1133.000 1.704 71.70
1134.000 1.974 71.83
1135.000 2.162 71.76
1136.000 2.417 71.86
1137.000 2.446 71.73
1138.000 2.753 71.73
1139.000 2.980 71.70
1140.000 3.322 71.57
1141.000 3.499 71.64
1142.000 3.937 71.52
1143.000 4.121 71.54
1144.000 4.284 71.65
1145.000 4.413 71.66
1146.000 4.854 71.65
1147.000 5.187 71.68
1148.000 5.300 71.68
1149.000 5.462 71.65
1150.000 5.708 71.62
1151.000 5.952 71.65
1152.000 6.336 71.58
1153.000 6.328 71.52
1154.000 6.625 71.62
1155.000 7.011 71.59
1156.000 7.442 71.66
1157.000 7.451 71.72
1158.000 7.762 71.66
1159.000 7.979 71.68
1160.000 8.090 71.67
1161.000 8.209 71.74
1162.000 8.359 71.69
1163.000 8.682 71.58
1164.000 9.017 71.58
1165.000 9.210 71.63
1166.000 9.235 71.66
1167.000 9.339 71.75
1168.000 9.459 71.71
1169.000 9.640 71.62
1170.000 9.797 71.63
1171.000 9.985 71.66
1172.000 10.27 71.70
1173.000 10.37 71.66
1174.000 10.69 71.72
1175.000 10.95 71.70
1176.000 10.94 71.69
1177.000 10.94 71.74
1178.000 11.06 71.57
1179.000 11.10 71.69
1180.000 11.43 71.64
1181.000 11.40 71.60
1182.000 11.54 71.66
1183.000 11.89 71.63
1184.000 12.14 71.61
1185.000 12.15 71.69
1186.000 12.16 71.74
1187.000 12.23 71.75
1188.000 12.35 71.80
1189.000 12.40 71.79
1190.000 12.41 71.72
1191.000 12.63 71.63
1192.000 12.92 71.68
1193.000 12.99 71.66
1194.000 13.11 71.69
1195.000 13.12 71.70
1196.000 13.21 71.71
1197.000 13.18 71.68
1198.000 13.25 71.68
1199.000 13.28 71.71
1200.000 13.33 71.72
1201.000 13.35 71.72
1202.000 13.39 71.77
1203.000 13.41 71.74
1204.000 13.36 71.78
1205.000 13.46 71.77
1206.000 13.42 71.75
1207.000 13.48 71.79
1208.000 13.50 71.76
1209.000 13.50 71.78
1210.000 13.50 71.79
1211.000 13.49 71.79
1212.000 13.53 71.77
1213.000 13.51 71.79
1214.000 13.50 71.76
1215.000 13.55 71.75
1216.000 13.76 71.72
1217.000 13.80 71.76
1218.000 13.80 71.74
1219.000 13.78 71.71
1220.000 13.81 71.74
1221.000 13.76 71.74
1222.000 13.75 71.77
1223.000 13.75 71.74
1224.000 13.69 71.71
1225.000 13.67 71.80
1226.000 13.70 71.73
1227.000 13.63 71.72
1228.000 13.64 71.70
1229.000 13.64 71.68
1230.000 13.59 71.70
1231.000 13.55 71.66
1232.000 13.53 71.79
1233.000 13.19 71.67
1234.000 12.99 71.65
1235.000 12.92 71.66
1236.000 12.69 71.69
1237.000 12.68 71.68
1238.000 12.55 71.68
1239.000 12.53 71.71
1240.000 12.29 71.74
1241.000 12.09 71.64
1242.000 12.00 71.68
1243.000 11.92 71.60
1244.000 11.79 71.60
1245.000 11.74 71.65
1246.000 11.35 71.57
1247.000 11.11 71.65
1248.000 10.94 71.76
1249.000 10.97 71.70
1250.000 10.94 71.75
1251.000 10.93 71.69
1252.000 10.83 71.64
1253.000 10.44 71.74
1254.000 10.14 71.65
1255.000 10.00 71.63
1256.000 9.902 71.61
1257.000 9.900 71.66
1258.000 9.811 71.62
1259.000 9.710 71.60
1260.000 9.497 71.69
1261.000 9.207 71.61
1262.000 9.008 71.56
1263.000 8.680 71.61
1264.000 8.642 71.63
1265.000 8.557 71.69
1266.000 8.421 71.79
1267.000 8.003 71.74
1268.000 7.735 71.72
1269.000 7.671 71.64
1270.000 7.542 71.63
1271.000 7.179 71.55
1272.000 6.740 71.51
1273.000 6.618 71.61
1274.000 6.533 71.55
1275.000 5.965 71.65
1276.000 5.881 71.70
1277.000 5.654 71.66
1278.000 5.646 71.64
1279.000 5.598 71.55
1280.000 5.225 71.72
1281.000 4.885 71.63
1282.000 4.497 71.62
1283.000 4.225 71.62
1284.000 4.048 71.47
1285.000 3.769 71.52
1286.000 3.531 71.66
1287.000 2.998 71.67
1288.000 2.945 71.77
1289.000 2.681 71.79
1290.000 2.462 71.85
1291.000 2.262 71.81
1292.000 2.014 71.76
1293.000 1.823 71.83
1294.000 1.696 71.49
1295.000 1.427 71.46
1296.000 1.104 71.39
1297.000 0.805 71.40
1298.000 0.747 71.48
1299.000 0.409 71.73
1300.000 2.494E-2 71.66
1301.000 -0.204 71.69
1302.000 -0.506 71.55
1303.000 -0.947 71.62
1304.000 -0.948 71.55
1305.000 -1.040 71.54
1306.000 -1.180 71.50
1307.000 -1.563 71.69
1308.000 -2.114 71.73
1309.000 -2.323 71.61
1310.000 -2.510 71.51
1311.000 -3.011 71.65
1312.000 -3.187 71.63
1313.000 -3.219 71.69
1314.000 -3.457 71.70
1315.000 -3.716 71.67
1316.000 -3.982 71.52
1317.000 -4.156 71.46
1318.000 -4.298 71.53
1319.000 -4.623 71.64
1320.000 -4.989 71.54
1321.000 -5.330 71.59
1322.000 -5.439 71.53
1323.000 -5.703 71.59
1324.000 -5.921 71.64
1325.000 -6.084 71.75
1326.000 -6.534 71.72
1327.000 -6.940 71.71
1328.000 -6.959 71.66
1329.000 -7.075 71.57
1330.000 -7.186 71.55
1331.000 -7.501 71.60
1332.000 -7.983 71.63
1333.000 -8.222 71.65
1334.000 -8.269 71.64
1335.000 -8.411 71.61
1336.000 -8.548 71.71
1337.000 -9.003 71.64
1338.000 -9.125 71.61
1339.000 -9.231 71.55
1340.000 -9.311 71.55
1341.000 -9.701 71.64
1342.000 -10.08 71.56
1343.000 -10.19 71.60
1344.000 -10.46 71.68
1345.000 -10.55 71.55
1346.000 -11.05 71.62
1347.000 -11.19 71.50
1348.000 -11.42 71.46
1349.000 -11.44 71.49
1350.000 -11.54 71.51
1351.000 -11.88 71.56
1352.000 -11.97 71.53
1353.000 -12.06 71.49
1354.000 -12.30 71.48
1355.000 -12.62 71.53
1356.000 -12.98 71.63
1357.000 -13.08 71.60
1358.000 -13.29 71.68
1359.000 -13.25 71.67
1360.000 -13.52 71.70
1361.000 -13.83 71.69
1362.000 -14.07 71.64
1363.000 -14.12 71.62
1364.000 -14.22 71.59
1365.000 -14.23 71.59
1366.000 -14.35 71.59
1367.000 -14.34 71.53
1368.000 -14.52 71.55
1369.000 -14.79 71.52
1370.000 -14.93 71.42
1371.000 -14.97 71.45
1372.000 -15.03 71.41
1373.000 -15.10 71.35
1374.000 -15.26 71.35
1375.000 -15.30 71.34
1376.000 -15.32 71.41
1377.000 -15.37 71.41
1378.000 -15.45 71.42
1379.000 -15.47 71.54
1380.000 -15.92 71.56
1381.000 -15.92 71.54
1382.000 -16.07 71.61
1383.000 -16.08 71.53
1384.000 -16.12 71.57
1385.000 -16.18 71.53
1386.000 -16.27 71.55
1387.000 -16.28 71.51
1388.000 -16.23 71.50
1389.000 -16.30 71.53
1390.000 -16.35 71.53
1391.000 -16.35 71.54
1392.000 -16.51 71.61
1393.000 -16.80 71.52
1394.000 -16.86 71.59
1395.000 -16.85 71.59
1396.000 -16.86 71.55
1397.000 -16.86 71.59
1398.000 -16.93 71.55
1399.000 -16.92 71.57
1400.000 -16.93 71.52
1401.000 -16.94 71.56
1402.000 -16.94 71.55
1403.000 -16.95 71.55
1404.000 -16.95 71.60
1405.000 -16.97 71.57
1406.000 -16.94 71.52
1407.000 -16.90 71.59
1408.000 -16.91 71.54
1409.000 -16.91 71.57
1410.000 -16.87 71.54
1411.000 -16.82 71.55
1412.000 -16.84 71.54
1413.000 -16.79 71.53
1414.000 -16.78 71.53
1415.000 -16.74 71.50
1416.000 -16.60 71.52
1417.000 -16.58 71.51
1418.000 -16.51 71.54
1419.000 -16.35 71.50
1420.000 -16.15 71.55
1421.000 -16.07 71.53
1422.000 -15.99 71.56
1423.000 -15.89 71.52
1424.000 -15.89 71.52
1425.000 -15.84 71.49
1426.000 -15.75 71.44
1427.000 -15.78 71.41
1428.000 -15.61 71.41
1429.000 -15.57 71.43
1430.000 -15.49 71.41
1431.000 -15.33 71.38
1432.000 -15.10 71.39
1433.000 -14.99 71.43
1434.000 -14.84 71.48
1435.000 -14.82 71.51
1436.000 -14.74 71.53
1437.000 -14.69 71.58
1438.000 -14.67 71.61
1439.000 -14.62 71.59
1440.000 -14.36 71.66
1441.000 -14.15 71.62
1442.000 -13.94 71.75
1443.000 -13.82 71.71
1444.000 -13.65 71.71
1445.000 -13.44 71.72
1446.000 -13.21 71.66
1447.000 -13.09 71.55
1448.000 -12.85 71.56
1449.000 -12.71 71.53
1450.000 -12.38 71.47
1451.000 -12.11 71.46
1452.000 -11.92 71.57
1453.000 -11.88 71.53
1454.000 -11.87 71.53
1455.000 -11.75 71.57
1456.000 -11.71 71.55
1457.000 -11.50 71.65
1458.000 -11.41 71.65
1459.000 -10.76 71.58
1460.000 -10.68 71.50
1461.000 -10.36 71.61
1462.000 -9.959 71.57
1463.000 -9.867 71.64
1464.000 -9.644 71.61
1465.000 -9.619 71.66
1466.000 -9.555 71.68
1467.000 -9.456 71.69
1468.000 -9.038 71.72
1469.000 -8.693 71.67
1470.000 -8.558 71.67
1471.000 -8.216 71.65
1472.000 -7.949 71.59
1473.000 -7.641 71.56
1474.000 -7.562 71.59
1475.000 -7.288 71.57
1476.000 -7.013 71.64
1477.000 -6.885 71.70
1478.000 -6.548 71.76
1479.000 -6.454 71.73
1480.000 -5.878 71.66
1481.000 -5.879 71.60
1482.000 -5.757 71.52
1483.000 -5.388 71.54
1484.000 -5.068 71.56
1485.000 -4.744 71.65
1486.000 -4.667 71.56
1487.000 -4.501 71.57
1488.000 -4.274 71.52
1489.000 -3.952 71.53
1490.000 -3.648 71.68
1491.000 -3.481 71.78
1492.000 -3.449 71.59
1493.000 -3.144 71.64
1494.000 -2.914 71.56
1495.000 -2.487 71.53
1496.000 -2.383 71.52
1497.000 -1.897 71.65
1498.000 -1.512 71.61
1499.000 -1.284 71.45
1500.000 -1.019 71.51
1501.000 -0.991 71.55
1502.000 -0.889 71.56
1503.000 -0.694 71.60
1504.000 -0.315 71.63
1505.000 3.963E-2 71.65
1506.000 0.260 71.68
1507.000 0.392 71.64
1508.000 0.630 71.36
1509.000 0.943 71.42
1510.000 1.169 71.44
1511.000 1.475 71.60
1512.000 1.571 71.69
1513.000 1.855 71.84
1514.000 2.104 71.83
1515.000 2.272 71.82
1516.000 2.276 71.81
1517.000 2.605 71.80
1518.000 2.897 71.71
1519.000 3.086 71.68
1520.000 3.227 71.61
1521.000 3.447 71.62
1522.000 3.855 71.53
1523.000 4.083 71.52
1524.000 4.269 71.64
1525.000 4.279 71.65
1526.000 4.641 71.65
1527.000 4.904 71.60
1528.000 5.140 71.69
1529.000 5.326 71.68
1530.000 5.370 71.62
1531.000 5.499 71.64
1532.000 5.692 71.65
1533.000 6.166 71.62
1534.000 6.251 71.61
1535.000 6.236 71.61
1536.000 6.553 71.59
1537.000 6.898 71.56
1538.000 7.304 71.58
1539.000 7.345 71.66
1540.000 7.477 71.73
1541.000 7.747 71.73
1542.000 7.900 71.66
1543.000 8.035 71.73
1544.000 8.154 71.73
1545.000 8.202 71.71
1546.000 8.586 71.60
1547.000 8.863 71.61
1548.000 9.034 71.60
1549.000 9.143 71.62
1550.000 9.210 71.67
1551.000 9.284 71.70
1552.000 9.305 71.74
1553.000 9.458 71.74
1554.000 9.514 71.80
1555.000 9.587 71.62
1556.000 9.832 71.65
1557.000 9.894 71.61
1558.000 9.995 71.66
1559.000 10.33 71.71
1560.000 10.33 71.70
1561.000 10.42 71.75
1562.000 10.50 71.77
1563.000 10.56 71.69
1564.000 10.85 71.69
1565.000 10.93 71.70
1566.000 10.95 71.69
1567.000 10.98 71.62
1568.000 11.03 71.66
1569.000 11.06 71.66
1570.000 11.10 71.63
1571.000 11.15 71.67
1572.000 11.31 71.60
1573.000 11.35 71.60
1574.000 11.35 71.65
1575.000 11.42 71.63
1576.000 11.49 71.64
1577.000 11.52 71.59
1578.000 11.61 71.63
1579.000 11.84 71.62
1580.000 11.97 71.63
1581.000 11.96 71.63
1582.000 12.00 71.66
1583.000 12.02 71.64
1584.000 12.06 71.68
1585.000 12.04 71.68
1586.000 12.04 71.70
1587.000 12.05 71.64
1588.000 12.04 71.61
1589.000 12.06 71.65
1590.000 12.06 71.63
1591.000 12.04 71.65
1592.000 12.04 71.65
1593.000 12.03 71.66
1594.000 12.02 71.64
1595.000 12.03 71.65
1596.000 12.01 71.63
1597.000 11.94 71.68
1598.000 11.96 71.61
1599.000 11.92 71.64
1600.000 11.87 71.63
1601.000 11.87 71.60
1602.000 11.85 71.62
1603.000 11.80 71.62
1604.000 11.72 71.65
1605.000 11.69 71.64
1606.000 11.65 71.70
1607.000 11.59 71.66
1608.000 11.46 71.60
1609.000 11.14 71.63
1610.000 11.07 71.67
1611.000 11.01 71.68
1612.000 10.99 71.72
1613.000 10.95 71.72
1614.000 10.92 71.78
1615.000 10.92 71.68
1616.000 10.95 71.69
1617.000 10.90 71.73
1618.000 10.87 71.65
1619.000 10.67 71.63
1620.000 10.38 71.68
1621.000 10.09 71.65
1622.000 9.999 71.65
1623.000 9.900 71.61
1624.000 9.899 71.68
1625.000 9.869 71.66
1626.000 9.809 71.64
1627.000 9.737 71.63
1628.000 9.667 71.56
1629.000 9.570 71.58
1630.000 9.575 71.50
1631.000 9.454 71.61
1632.000 8.853 71.59
1633.000 8.732 71.63
1634.000 8.597 71.63
1635.000 8.493 71.79
1636.000 8.155 71.75
1637.000 8.024 71.70
1638.000 7.700 71.69
1639.000 7.694 71.66
1640.000 7.638 71.68
1641.000 7.279 71.62
1642.000 7.015 71.57
1643.000 6.686 71.55
1644.000 6.538 71.55
1645.000 6.253 71.68
1646.000 6.066 71.61
1647.000 5.809 71.70
1648.000 5.811 71.70
1649.000 5.770 71.61
1650.000 5.532 71.64
1651.000 5.314 71.68
1652.000 5.183 71.68
1653.000 4.760 71.61
1654.000 4.716 71.58
1655.000 4.484 71.68
1656.000 4.169 71.53
1657.000 4.035 71.55
1658.000 3.734 71.51
1659.000 3.531 71.70
1660.000 3.166 71.66
1661.000 2.954 71.71
1662.000 2.820 71.82
1663.000 2.607 71.83
1664.000 2.613 71.83
1665.000 2.511 71.79
1666.000 2.012 71.80
1667.000 1.849 71.77
1668.000 1.707 71.63
1669.000 1.558 71.50
1670.000 1.445 71.47
1671.000 1.010 71.42
1672.000 0.796 71.44
1673.000 0.687 71.56
1674.000 0.479 71.67
1675.000 0.123 71.68
1676.000 -0.207 71.67
1677.000 -0.440 71.66
1678.000 -0.573 71.51
1679.000 -0.860 71.53
1680.000 -1.049 71.55
1681.000 -1.076 71.50
1682.000 -1.367 71.55
1683.000 -1.774 71.75
1684.000 -2.085 71.68
1685.000 -2.362 71.60
1686.000 -2.634 71.52
1687.000 -2.947 71.60
1688.000 -3.131 71.71
1689.000 -3.233 71.64
1690.000 -3.312 71.70
1691.000 -3.595 71.70
1692.000 -3.989 71.50
1693.000 -4.090 71.48
1694.000 -4.182 71.48
1695.000 -4.530 71.58
1696.000 -4.802 71.55
1697.000 -4.979 71.61
1698.000 -5.303 71.58
1699.000 -5.386 71.60
1700.000 -5.541 71.60
1701.000 -5.872 71.67
1702.000 -6.199 71.76
1703.000 -6.221 71.75
1704.000 -6.607 71.73
1705.000 -7.030 71.69
1706.000 -7.086 71.63
1707.000 -7.152 71.53
1708.000 -7.241 71.53
1709.000 -7.328 71.49
1710.000 -7.776 71.63
1711.000 -7.996 71.67
1712.000 -8.182 71.69
1713.000 -8.469 71.72
1714.000 -8.787 71.65
1715.000 -8.943 71.69
1716.000 -9.281 71.67
1717.000 -9.287 71.61
1718.000 -9.266 71.62
1719.000 -9.366 71.55
1720.000 -9.473 71.64
1721.000 -10.12 71.60
1722.000 -10.22 71.58
1723.000 -10.46 71.67
1724.000 -10.48 71.52
1725.000 -10.97 71.63
1726.000 -11.06 71.58
1727.000 -11.35 71.59
1728.000 -11.42 71.44
1729.000 -11.41 71.51
1730.000 -11.51 71.50
1731.000 -11.86 71.52
1732.000 -11.92 71.51
1733.000 -12.03 71.50
1734.000 -12.09 71.48
1735.000 -12.34 71.48
1736.000 -12.42 71.50
1737.000 -12.52 71.57
1738.000 -12.93 71.65
1739.000 -13.08 71.64
1740.000 -13.20 71.68
1741.000 -13.25 71.69
1742.000 -13.33 71.69
1743.000 -13.58 71.74
1744.000 -13.85 71.71
1745.000 -13.99 71.67
1746.000 -14.06 71.66
1747.000 -14.11 71.59
1748.000 -14.15 71.62
1749.000 -14.20 71.63
1750.000 -14.29 71.59
1751.000 -14.29 71.60
1752.000 -14.44 71.48
1753.000 -14.43 71.48
1754.000 -14.46 71.55
1755.000 -14.83 71.44
1756.000 -14.90 71.47
1757.000 -14.99 71.40
1758.000 -15.02 71.46
1759.000 -15.03 71.41
1760.000 -15.10 71.38
1761.000 -15.12 71.39
1762.000 -15.27 71.31
1763.000 -15.28 71.36
1764.000 -15.39 71.44
1765.000 -15.35 71.41
1766.000 -15.35 71.43
1767.000 -15.35 71.38
1768.000 -15.42 71.42
1769.000 -15.43 71.45
1770.000 -15.44 71.44
1771.000 -15.44 71.44
1772.000 -15.45 71.45
1773.000 -15.50 71.49
1774.000 -15.78 71.50
1775.000 -15.82 71.51
1776.000 -15.89 71.55
1777.000 -15.90 71.55
1778.000 -15.86 71.53
1779.000 -15.86 71.52
1780.000 -15.83 71.51
1781.000 -15.93 71.53
1782.000 -15.86 71.54
1783.000 -15.87 71.53
1784.000 -15.83 71.52
1785.000 -15.88 71.50
1786.000 -15.86 71.50
1787.000 -15.85 71.48
1788.000 -15.78 71.47
1789.000 -15.79 71.47
1790.000 -15.76 71.42
1791.000 -15.73 71.44
1792.000 -15.74 71.45
1793.000 -15.69 71.41
1794.000 -15.67 71.44
1795.000 -15.57 71.42
1796.000 -15.57 71.42
1797.000 -15.50 71.42
1798.000 -15.45 71.32
1799.000 -15.15 71.37
1800.000 -15.01 71.48
1801.000 -15.01 71.44
1802.000 -14.93 71.48
1803.000 -14.95 71.46
1804.000 -14.82 71.49
1805.000 -14.81 71.51
1806.000 -14.76 71.54
1807.000 -14.71 71.57
1808.000 -14.68 71.57
1809.000 -14.63 71.57
1810.000 -14.52 71.60
1811.000 -14.51 71.60
1812.000 -14.31 71.69
1813.000 -14.10 71.71
1814.000 -13.94 71.71
1815.000 -13.85 71.72
1816.000 -13.71 71.70
1817.000 -13.62 71.72
1818.000 -13.41 71.66
1819.000 -13.12 71.65
1820.000 -13.02 71.61
1821.000 -12.87 71.58
1822.000 -12.76 71.54
1823.000 -12.58 71.52
1824.000 -12.33 71.46
1825.000 -12.11 71.49
1826.000 -12.02 71.53
1827.000 -11.94 71.56
1828.000 -11.89 71.53
1829.000 -11.79 71.51
1830.000 -11.75 71.58
1831.000 -11.64 71.57
1832.000 -11.49 71.70
1833.000 -11.23 71.62
1834.000 -10.97 71.64
1835.000 -10.63 71.56
1836.000 -10.38 71.56
1837.000 -10.11 71.55
1838.000 -9.780 71.56
1839.000 -9.751 71.67
1840.000 -9.676 71.64
1841.000 -9.610 71.67
1842.000 -9.586 71.67
1843.000 -9.506 71.68
1844.000 -9.309 71.72
1845.000 -8.955 71.71
1846.000 -8.778 71.68
1847.000 -8.578 71.69
1848.000 -8.184 71.65
1849.000 -7.960 71.61
1850.000 -7.661 71.61
1851.000 -7.614 71.67
1852.000 -7.504 71.72
1853.000 -7.353 71.58
1854.000 -7.037 71.58
1855.000 -6.917 71.67
1856.000 -6.535 71.66
1857.000 -6.289 71.70
1858.000 -6.005 71.60
