 Masse A  
t x y 
0.000 218.8 95.93
1.000 219.2 95.53
2.000 219.9 95.92
3.000 220.4 95.91
4.000 221.1 95.49
5.000 221.6 96.07
6.000 222.3 95.64
7.000 223.0 95.58
8.000 223.6 96.04
9.000 224.4 95.36
10.000 224.8 95.73
11.000 225.1 95.65
12.000 225.6 95.60
13.000 226.4 96.13
14.000 226.8 95.49
15.000 227.5 96.04
16.000 228.0 95.92
17.000 228.5 95.61
18.000 229.0 96.23
19.000 229.5 95.43
20.000 230.1 95.68
21.000 230.4 95.90
22.000 230.9 95.60
23.000 231.5 96.09
24.000 232.0 95.64
25.000 232.5 95.96
26.000 233.0 95.97
27.000 233.2 95.59
28.000 233.7 96.22
29.000 234.3 95.46
30.000 234.8 96.05
31.000 235.2 96.06
32.000 235.4 95.56
33.000 236.2 96.27
34.000 236.4 95.60
35.000 236.9 95.86
36.000 237.1 96.24
37.000 237.4 95.55
38.000 238.2 96.30
39.000 238.3 95.58
40.000 238.9 95.87
41.000 239.3 96.27
42.000 239.5 95.55
43.000 240.0 96.21
44.000 240.2 95.85
45.000 240.4 95.76
46.000 240.9 96.20
47.000 241.2 95.64
48.000 241.2 96.28
49.000 241.6 96.01
50.000 242.0 95.86
51.000 242.4 96.28
52.000 242.6 95.65
53.000 242.9 96.34
54.000 243.1 96.01
55.000 243.1 95.94
56.000 243.7 96.26
57.000 243.9 95.75
58.000 244.3 96.13
59.000 244.5 96.00
60.000 244.7 95.73
61.000 244.9 96.51
62.000 245.1 96.05
63.000 245.1 96.38
64.000 245.3 96.12
65.000 245.7 95.68
66.000 246.1 96.40
67.000 246.0 95.73
68.000 246.3 96.07
69.000 246.6 96.07
70.000 246.7 95.65
71.000 246.8 96.36
72.000 247.0 95.86
73.000 247.0 96.03
74.000 247.1 96.28
75.000 248.2 96.11
76.000 248.0 96.27
77.000 247.9 95.76
78.000 247.9 96.45
79.000 248.1 96.06
80.000 248.0 96.04
81.000 248.0 96.28
82.000 247.9 95.78
83.000 248.1 96.42
84.000 248.0 95.99
85.000 248.0 95.91
86.000 248.0 96.38
87.000 247.8 95.54
88.000 247.9 96.42
89.000 247.9 95.97
90.000 247.8 95.84
91.000 247.9 96.40
92.000 247.7 95.66
93.000 247.7 96.29
94.000 247.4 95.95
95.000 247.5 95.93
96.000 247.5 96.25
97.000 247.3 95.75
98.000 247.3 96.19
99.000 247.2 96.19
100.000 246.6 95.72
101.000 246.7 96.41
102.000 246.4 95.70
103.000 246.5 96.25
104.000 246.5 96.12
105.000 246.1 95.77
106.000 246.0 96.41
107.000 245.5 95.76
108.000 245.5 96.01
109.000 245.3 96.18
110.000 245.1 95.84
111.000 244.8 96.45
112.000 244.6 96.03
113.000 244.5 96.08
114.000 244.4 96.28
115.000 244.2 95.70
116.000 243.7 96.30
117.000 243.5 95.74
118.000 243.4 95.98
119.000 243.2 96.39
120.000 242.7 95.70
121.000 242.6 96.39
122.000 242.5 95.98
123.000 242.3 95.95
124.000 242.2 96.37
125.000 241.6 95.72
126.000 241.4 96.23
127.000 241.1 95.95
128.000 240.7 95.74
129.000 240.5 96.26
130.000 240.4 95.62
131.000 240.3 96.17
132.000 240.0 95.99
133.000 239.4 95.69
134.000 239.1 96.41
135.000 238.7 95.61
136.000 238.5 96.08
137.000 238.3 95.90
138.000 238.1 95.74
139.000 237.6 96.19
140.000 237.2 95.67
141.000 236.9 96.10
142.000 236.6 95.98
143.000 236.5 95.70
144.000 236.4 96.19
145.000 236.0 95.68
146.000 235.7 96.00
147.000 235.1 96.03
148.000 234.8 95.55
149.000 234.5 96.23
150.000 234.3 95.61
151.000 234.3 95.92
152.000 233.8 96.01
153.000 233.4 95.57
154.000 233.1 96.13
155.000 232.5 95.62
156.000 232.3 95.81
157.000 232.2 96.22
158.000 231.4 95.48
159.000 231.3 96.12
160.000 230.8 95.71
161.000 230.6 95.90
162.000 230.3 96.14
163.000 229.8 95.61
164.000 229.4 96.14
165.000 229.2 95.81
166.000 228.5 95.77
167.000 228.5 96.16
168.000 228.2 95.67
169.000 227.6 96.16
170.000 227.3 95.89
171.000 227.0 95.87
172.000 226.6 96.15
173.000 226.3 95.51
174.000 226.0 95.99
175.000 225.4 95.87
176.000 225.2 95.71
177.000 224.7 96.18
178.000 224.6 95.56
179.000 224.3 96.04
180.000 224.1 96.02
181.000 223.5 95.58
182.000 223.3 96.15
183.000 222.8 95.52
184.000 222.6 95.92
185.000 222.3 95.93
186.000 221.7 95.58
187.000 221.4 96.12
188.000 221.4 95.58
189.000 221.1 95.94
190.000 220.6 95.89
191.000 220.5 95.52
192.000 220.2 96.20
193.000 219.6 95.69
194.000 219.3 95.83
195.000 219.1 95.92
196.000 218.7 95.44
197.000 218.4 96.07
198.000 218.4 95.56
199.000 218.1 95.84
200.000 217.7 96.00
201.000 217.4 95.53
202.000 217.3 96.02
203.000 217.0 95.61
204.000 216.5 95.74
205.000 216.5 95.96
206.000 216.1 95.45
207.000 215.9 96.09
208.000 215.3 95.62
209.000 215.4 95.67
210.000 215.1 96.05
211.000 214.7 95.63
212.000 214.6 95.94
213.000 214.3 95.64
214.000 214.2 95.70
215.000 213.8 95.99
216.000 213.7 95.38
217.000 213.6 95.72
218.000 213.3 95.65
219.000 213.1 95.64
220.000 212.9 96.09
221.000 212.7 95.44
222.000 212.6 95.97
223.000 212.5 95.71
224.000 212.5 95.70
225.000 212.3 96.00
226.000 212.2 95.67
227.000 211.9 95.99
228.000 211.7 95.87
229.000 211.5 95.49
230.000 211.5 96.06
231.000 211.4 95.45
232.000 211.3 95.90
233.000 211.3 95.85
234.000 211.1 95.58
235.000 210.9 96.12
236.000 210.8 95.52
237.000 210.8 95.81
238.000 210.6 95.83
239.000 210.6 95.56
240.000 210.7 95.99
241.000 210.7 95.67
242.000 210.6 95.70
243.000 210.5 95.90
244.000 210.6 95.52
245.000 210.6 95.98
246.000 210.4 95.50
247.000 210.5 95.66
248.000 210.5 95.91
249.000 210.4 95.55
250.000 210.5 95.96
251.000 210.5 95.57
252.000 210.6 95.56
253.000 210.5 96.02
254.000 210.6 95.40
255.000 210.6 95.61
256.000 210.6 95.55
257.000 210.6 95.63
258.000 210.6 95.91
259.000 210.6 95.56
260.000 210.6 95.95
261.000 210.6 95.68
262.000 210.7 95.70
263.000 210.6 95.90
264.000 210.8 95.56
265.000 210.8 95.92
266.000 210.8 95.84
267.000 210.8 95.65
268.000 210.9 96.07
269.000 211.1 95.66
270.000 211.2 95.89
271.000 211.2 95.86
272.000 211.4 95.61
273.000 211.6 96.06
274.000 211.9 95.59
275.000 212.0 96.00
276.000 212.1 95.93
277.000 212.4 95.41
278.000 212.6 95.71
279.000 212.7 95.51
280.000 212.9 95.71
281.000 212.9 95.80
282.000 213.1 95.63
283.000 213.3 96.06
284.000 213.6 95.51
285.000 213.8 95.74
286.000 213.9 95.94
287.000 214.1 95.58
288.000 214.3 95.92
289.000 214.6 95.68
290.000 214.8 95.74
291.000 215.1 96.13
292.000 215.2 95.55
293.000 215.5 96.07
294.000 215.8 95.73
295.000 216.1 95.79
296.000 216.5 95.98
297.000 216.7 95.67
298.000 216.9 96.19
299.000 217.3 95.77
300.000 217.6 95.71
301.000 217.8 96.15
302.000 218.1 95.54
303.000 218.3 95.97
304.000 218.6 95.81
305.000 218.8 95.71
306.000 219.2 96.18
307.000 219.4 95.52
308.000 219.9 96.14
309.000 220.1 95.98
310.000 220.4 95.72
311.000 220.8 96.13
312.000 221.1 95.72
313.000 221.3 95.74
314.000 221.9 95.92
315.000 222.3 95.58
316.000 222.8 96.15
317.000 223.1 95.75
318.000 223.4 95.86
319.000 223.8 96.02
320.000 223.9 95.79
321.000 224.5 96.09
322.000 224.8 95.70
323.000 225.1 96.02
324.000 225.2 96.14
325.000 225.6 95.62
326.000 226.1 96.21
327.000 226.5 95.80
328.000 226.9 95.94
329.000 227.2 96.05
330.000 227.4 95.65
331.000 228.1 96.24
332.000 228.4 95.84
333.000 228.8 95.89
334.000 229.1 95.99
335.000 229.3 95.79
336.000 230.1 96.14
337.000 230.3 95.95
338.000 230.9 95.72
339.000 231.1 96.21
340.000 231.5 95.60
341.000 232.1 96.02
342.000 232.4 95.89
343.000 232.9 95.93
344.000 233.0 96.17
345.000 233.2 95.77
346.000 233.6 96.15
347.000 234.3 96.01
348.000 234.8 95.78
349.000 235.0 96.28
350.000 235.4 95.67
351.000 235.8 96.13
352.000 236.3 96.04
353.000 236.4 95.70
354.000 237.0 96.18
355.000 237.2 95.93
356.000 237.5 96.09
357.000 238.0 96.08
358.000 238.3 95.81
359.000 238.8 96.20
360.000 239.0 95.96
361.000 239.3 95.90
362.000 240.0 96.10
363.000 240.3 95.80
364.000 240.8 96.24
365.000 241.1 96.01
366.000 241.4 96.00
367.000 241.9 96.16
368.000 242.1 95.81
369.000 242.4 96.37
370.000 242.8 96.04
371.000 243.1 96.04
372.000 243.3 96.27
373.000 243.9 95.82
374.000 244.2 96.40
375.000 244.5 96.02
376.000 244.9 96.03
377.000 245.2 96.34
378.000 245.5 95.80
379.000 245.9 96.38
380.000 246.2 96.12
381.000 246.5 96.01
382.000 246.9 96.32
383.000 247.2 96.00
384.000 247.4 96.23
385.000 248.0 96.16
386.000 248.2 96.03
387.000 248.5 96.33
388.000 248.9 95.89
389.000 249.0 96.37
390.000 249.3 96.22
391.000 249.8 96.11
392.000 249.9 96.48
393.000 250.3 96.18
394.000 250.7 96.41
395.000 250.9 96.19
396.000 251.0 96.03
397.000 251.1 96.62
398.000 251.6 96.15
399.000 252.1 96.37
400.000 252.3 96.18
401.000 252.7 96.01
402.000 252.9 96.39
403.000 253.0 96.03
404.000 253.2 96.15
405.000 253.1 96.20
406.000 253.4 95.95
407.000 254.0 96.34
408.000 254.0 96.05
409.000 254.4 96.23
410.000 254.7 96.31
411.000 254.9 96.04
412.000 254.9 96.53
413.000 255.3 96.18
414.000 255.5 96.19
415.000 255.8 96.51
416.000 255.9 96.24
417.000 255.8 96.67
418.000 256.1 96.44
419.000 256.2 96.48
420.000 256.3 96.92
421.000 256.6 96.37
422.000 256.7 96.63
423.000 256.7 96.46
424.000 256.9 96.43
425.000 257.0 96.64
426.000 257.0 96.25
427.000 257.1 96.38
428.000 256.9 96.20
429.000 257.1 96.24
430.000 257.4 96.38
431.000 257.8 96.06
432.000 257.9 96.42
433.000 257.8 96.30
434.000 258.0 96.21
435.000 258.0 96.54
436.000 258.0 96.36
437.000 258.0 96.49
438.000 258.0 96.68
439.000 258.0 96.59
440.000 258.2 96.95
441.000 258.1 96.53
442.000 258.1 96.90
443.000 258.0 96.83
444.000 258.1 96.49
445.000 258.1 97.04
446.000 258.1 96.47
447.000 258.1 96.64
448.000 258.0 96.84
449.000 258.2 96.46
450.000 258.1 97.03
451.000 258.0 96.52
452.000 258.0 96.73
453.000 257.9 96.78
454.000 257.9 96.59
455.000 258.0 96.96
456.000 257.8 96.74
457.000 257.8 96.64
458.000 257.7 96.95
459.000 257.7 96.45
460.000 257.6 97.01
461.000 257.4 96.63
462.000 257.5 96.65
463.000 257.4 96.91
464.000 257.3 96.36
465.000 257.2 96.82
466.000 256.9 96.63
467.000 256.7 96.55
468.000 256.9 96.94
469.000 256.7 96.49
470.000 256.6 96.80
471.000 256.6 96.68
472.000 256.6 96.65
473.000 256.4 96.99
474.000 256.3 96.39
475.000 256.1 96.63
476.000 255.5 96.60
477.000 255.4 96.45
478.000 255.4 96.83
479.000 255.5 96.43
480.000 255.4 96.27
481.000 255.0 96.49
482.000 254.6 96.25
483.000 254.5 96.47
484.000 254.5 96.14
485.000 254.2 96.31
486.000 253.9 96.21
487.000 253.5 96.00
488.000 253.5 96.53
489.000 253.4 96.31
490.000 252.9 96.30
491.000 252.6 96.36
492.000 252.5 95.98
493.000 252.5 96.37
494.000 252.0 96.17
495.000 251.7 96.23
496.000 251.5 96.32
497.000 251.2 96.00
498.000 250.8 96.49
499.000 250.6 96.17
500.000 250.5 96.17
501.000 250.4 96.17
502.000 250.1 96.03
503.000 249.6 96.45
504.000 249.2 96.42
505.000 248.7 96.15
506.000 248.6 96.20
507.000 248.3 95.88
508.000 248.1 96.38
509.000 247.7 96.06
510.000 247.2 96.10
511.000 246.9 96.40
512.000 246.8 95.86
513.000 246.6 96.34
514.000 246.3 96.09
515.000 245.9 96.08
516.000 245.6 96.34
517.000 245.1 95.93
518.000 244.7 96.22
519.000 244.5 96.04
520.000 244.3 95.96
521.000 244.2 96.37
522.000 243.6 95.86
523.000 243.2 96.20
524.000 242.8 96.21
525.000 242.5 95.87
526.000 242.5 96.25
527.000 242.2 95.89
528.000 241.6 96.03
529.000 241.3 96.28
530.000 240.8 95.86
531.000 240.6 96.27
532.000 240.4 95.88
533.000 240.0 96.08
534.000 239.6 96.15
535.000 239.2 95.94
536.000 238.8 96.20
537.000 238.5 95.74
538.000 238.4 96.02
539.000 238.0 96.06
540.000 237.4 95.81
541.000 237.2 96.29
542.000 236.7 95.97
543.000 236.5 95.97
544.000 236.3 96.11
545.000 236.2 95.80
546.000 235.6 96.15
547.000 235.2 95.98
548.000 234.7 95.98
549.000 234.6 95.99
550.000 234.3 95.89
551.000 234.1 96.12
552.000 233.6 95.90
553.000 233.1 95.90
554.000 232.7 96.19
555.000 232.4 95.70
556.000 232.4 96.13
557.000 232.3 95.84
558.000 232.0 95.90
559.000 231.4 95.93
560.000 231.2 95.81
561.000 230.6 95.94
562.000 230.6 95.93
563.000 230.3 95.92
564.000 229.6 96.11
565.000 229.1 95.81
566.000 228.8 95.93
567.000 228.5 95.92
568.000 228.4 95.85
569.000 228.2 96.11
570.000 227.6 95.79
571.000 227.4 95.96
572.000 227.1 95.99
573.000 226.8 95.94
574.000 226.4 96.10
575.000 226.4 95.75
576.000 226.3 95.94
577.000 226.0 96.13
578.000 225.5 95.83
579.000 225.3 96.19
580.000 225.0 95.89
581.000 224.6 95.93
582.000 224.5 96.02
583.000 224.3 95.77
584.000 223.9 96.11
585.000 223.5 95.83
586.000 223.2 95.89
587.000 222.8 96.07
588.000 222.7 95.81
589.000 222.6 96.01
590.000 222.4 95.83
591.000 222.3 95.73
592.000 222.2 96.06
593.000 221.7 95.59
594.000 221.4 96.01
595.000 221.2 95.98
596.000 220.9 95.89
597.000 220.8 96.01
598.000 220.7 95.65
599.000 220.4 96.05
600.000 220.4 95.96
601.000 220.4 95.84
602.000 220.2 96.13
603.000 219.5 95.77
604.000 219.6 96.12
605.000 219.5 95.99
606.000 219.3 95.76
607.000 219.2 96.15
608.000 218.8 95.66
609.000 218.7 95.99
610.000 218.6 95.95
611.000 218.5 95.66
612.000 218.5 96.15
613.000 218.5 95.65
614.000 218.5 95.84
615.000 218.4 95.89
616.000 218.4 95.77
617.000 218.2 96.10
618.000 217.9 95.66
619.000 217.7 95.86
620.000 217.7 95.97
621.000 217.7 95.79
622.000 217.6 96.14
623.000 217.6 95.81
624.000 217.5 95.89
625.000 217.6 96.05
626.000 217.5 95.58
627.000 217.4 96.09
628.000 217.5 95.77
629.000 217.4 95.85
630.000 217.4 95.96
631.000 217.4 95.60
632.000 217.4 96.17
633.000 217.4 95.77
634.000 217.4 95.80
635.000 217.4 95.96
636.000 217.4 95.74
637.000 217.4 96.03
638.000 217.5 95.97
639.000 217.4 95.73
640.000 217.5 96.15
641.000 217.5 95.65
642.000 217.5 96.14
643.000 217.5 95.97
644.000 217.6 95.89
645.000 217.6 96.02
646.000 217.7 95.71
647.000 217.7 96.00
648.000 217.8 96.04
649.000 217.9 95.71
650.000 217.9 96.23
651.000 217.9 95.71
652.000 218.0 95.86
653.000 218.1 96.05
654.000 218.1 95.72
655.000 218.3 96.15
656.000 218.3 95.61
657.000 218.7 95.89
658.000 218.9 96.02
659.000 218.9 95.73
660.000 219.1 96.09
661.000 219.1 95.90
662.000 219.2 95.93
663.000 219.4 95.97
664.000 219.8 95.88
665.000 220.0 95.98
666.000 220.2 95.88
667.000 220.4 95.85
668.000 220.6 95.97
669.000 220.8 95.78
670.000 220.9 95.98
671.000 221.1 95.87
672.000 221.1 95.78
673.000 221.3 96.06
674.000 221.8 95.73
675.000 222.1 96.05
676.000 222.4 95.83
677.000 222.6 95.82
678.000 222.9 96.16
679.000 223.0 95.70
680.000 223.3 95.99
681.000 223.5 95.93
682.000 223.9 95.83
683.000 224.2 96.12
684.000 224.3 95.85
685.000 224.7 96.06
686.000 225.0 96.11
687.000 225.0 95.90
688.000 225.2 96.12
689.000 225.4 95.85
690.000 226.0 95.98
691.000 226.3 96.00
692.000 226.6 95.87
693.000 226.8 96.01
694.000 226.9 95.83
695.000 227.3 95.88
696.000 227.9 96.02
697.000 228.0 95.50
698.000 228.3 96.14
699.000 228.7 95.84
700.000 228.8 95.95
701.000 229.1 96.04
702.000 229.1 95.96
703.000 229.7 96.08
704.000 230.1 95.92
705.000 230.3 95.87
706.000 230.8 96.11
707.000 231.1 95.73
708.000 231.3 96.10
709.000 232.1 95.92
710.000 232.1 95.87
711.000 232.4 96.18
712.000 232.9 95.75
713.000 233.1 96.17
714.000 233.1 96.00
715.000 233.6 96.01
716.000 234.2 96.08
717.000 234.3 95.89
718.000 234.8 96.06
719.000 235.1 96.02
720.000 235.1 95.86
721.000 235.4 96.32
722.000 236.2 95.79
723.000 236.2 96.18
724.000 236.5 96.04
725.000 237.0 95.93
726.000 237.2 96.14
727.000 237.5 95.77
728.000 238.1 96.07
729.000 238.4 96.03
730.000 238.8 95.93
731.000 239.0 96.21
732.000 239.2 95.98
733.000 239.5 96.04
734.000 240.1 96.16
735.000 240.3 95.91
736.000 240.8 96.34
737.000 241.0 95.93
738.000 241.3 96.06
739.000 241.7 96.22
740.000 241.9 95.99
741.000 242.2 96.35
742.000 242.4 96.01
743.000 243.0 96.13
744.000 243.1 96.23
745.000 243.3 95.96
746.000 243.6 96.33
747.000 244.0 96.07
748.000 244.5 96.06
749.000 244.9 96.30
750.000 245.2 95.93
751.000 245.1 96.49
752.000 245.7 96.42
753.000 246.0 96.22
754.000 246.3 96.24
755.000 246.9 95.96
756.000 247.0 96.25
757.000 247.3 96.15
758.000 247.6 95.92
759.000 247.9 96.28
760.000 248.3 95.93
761.000 248.7 96.28
762.000 248.8 96.13
763.000 249.0 96.06
764.000 249.2 96.37
765.000 249.4 96.00
766.000 250.1 96.32
767.000 250.1 96.21
768.000 250.4 95.99
769.000 250.6 96.45
770.000 250.9 96.25
771.000 251.1 96.43
772.000 251.3 96.24
773.000 251.8 96.13
774.000 252.2 96.40
775.000 252.2 96.00
776.000 252.5 96.18
777.000 252.7 96.18
778.000 252.9 95.98
779.000 253.0 96.44
780.000 252.9 96.36
781.000 253.2 96.18
782.000 253.3 96.39
783.000 253.8 96.03
784.000 254.1 96.36
785.000 254.2 96.09
786.000 254.4 96.22
787.000 254.7 96.31
788.000 254.9 96.11
789.000 255.0 96.47
790.000 255.0 96.47
791.000 255.1 96.53
792.000 255.1 96.87
793.000 255.3 96.55
794.000 255.9 96.89
795.000 256.1 96.66
796.000 256.0 96.69
797.000 256.2 96.91
798.000 256.2 96.65
799.000 256.3 97.01
800.000 256.6 96.65
801.000 256.7 96.67
802.000 256.8 96.89
803.000 256.9 96.42
804.000 256.9 96.47
805.000 256.9 96.70
806.000 257.0 96.57
807.000 257.1 96.89
808.000 257.1 96.48
809.000 257.0 96.74
810.000 257.2 96.70
811.000 257.1 96.63
812.000 257.2 96.86
813.000 257.2 96.51
814.000 257.3 96.73
815.000 257.7 96.81
816.000 257.8 96.63
817.000 257.7 96.94
818.000 257.9 96.61
819.000 257.8 96.83
820.000 257.8 96.84
821.000 257.9 96.56
822.000 257.9 97.02
823.000 257.9 96.54
824.000 257.8 96.76
825.000 257.9 96.79
826.000 257.7 96.53
827.000 257.9 96.81
828.000 257.8 96.70
829.000 257.8 96.64
830.000 257.8 96.84
831.000 257.5 96.47
832.000 257.7 96.95
833.000 257.6 96.59
834.000 257.4 96.63
835.000 257.5 96.72
836.000 257.3 96.59
837.000 257.4 96.86
838.000 257.3 96.59
839.000 257.4 96.61
840.000 257.3 96.86
841.000 257.1 96.44
842.000 256.8 96.91
843.000 256.6 96.76
844.000 256.6 96.73
845.000 256.5 96.85
846.000 256.7 96.34
847.000 256.4 96.50
848.000 256.4 96.57
849.000 256.3 96.48
850.000 256.3 96.74
851.000 256.0 96.53
852.000 255.7 96.81
853.000 255.4 96.70
854.000 255.4 96.59
855.000 255.2 96.92
856.000 254.8 96.41
857.000 254.7 96.60
858.000 254.5 96.65
859.000 254.5 96.64
860.000 254.5 96.76
861.000 254.3 96.49
862.000 254.1 96.62
863.000 253.7 96.69
864.000 253.3 96.41
865.000 253.4 96.61
866.000 253.1 96.37
867.000 252.8 96.25
868.000 252.6 96.39
869.000 252.5 96.15
870.000 252.4 96.43
871.000 252.2 96.18
872.000 251.7 96.20
873.000 251.5 96.30
874.000 251.2 95.97
875.000 251.0 96.33
876.000 250.5 96.14
877.000 250.4 96.04
878.000 250.4 96.38
879.000 250.3 95.91
880.000 249.7 96.37
881.000 249.3 96.07
882.000 249.1 96.10
883.000 248.8 96.26
884.000 248.4 95.85
885.000 248.4 96.17
886.000 248.1 96.05
887.000 247.8 96.11
888.000 247.5 96.24
889.000 247.2 95.90
890.000 246.8 96.40
891.000 246.6 96.09
892.000 246.5 96.05
893.000 246.2 96.37
894.000 245.6 96.09
895.000 245.6 96.18
896.000 245.1 96.19
897.000 244.7 96.07
898.000 244.5 96.24
899.000 244.2 96.13
900.000 243.7 96.14
901.000 243.4 96.20
902.000 243.2 95.98
903.000 242.8 96.30
904.000 242.6 95.94
905.000 242.3 96.06
906.000 242.3 96.06
907.000 241.9 96.05
908.000 241.4 96.20
909.000 241.2 96.00
910.000 240.6 96.16
911.000 240.3 96.22
912.000 240.4 95.84
913.000 240.1 96.19
914.000 239.5 95.99
915.000 239.1 95.96
916.000 238.7 96.11
917.000 238.5 95.96
918.000 238.4 96.15
919.000 238.1 96.01
920.000 237.5 96.01
921.000 237.3 96.12
922.000 237.1 95.91
923.000 236.7 96.25
924.000 236.5 96.02
925.000 236.3 95.98
926.000 236.1 96.21
927.000 235.3 95.84
928.000 235.3 96.10
929.000 234.6 95.97
930.000 234.6 96.01
931.000 234.4 96.02
932.000 234.3 95.76
933.000 234.0 96.09
934.000 233.4 95.97
935.000 233.1 95.92
936.000 232.6 96.02
937.000 232.3 95.85
938.000 232.0 95.96
939.000 231.6 95.97
940.000 231.5 95.79
941.000 231.1 96.18
942.000 230.8 95.71
943.000 230.5 95.89
944.000 230.6 95.92
945.000 230.0 95.85
946.000 229.8 96.05
947.000 229.2 95.94
948.000 228.8 95.88
949.000 228.7 96.11
950.000 228.4 95.79
951.000 228.3 96.04
952.000 228.1 95.86
953.000 227.6 95.92
954.000 227.3 95.99
955.000 227.2 95.76
956.000 226.6 96.09
957.000 226.5 95.96
958.000 226.5 95.90
959.000 226.3 96.05
960.000 226.2 95.90
961.000 225.7 96.11
962.000 225.4 95.90
963.000 225.2 95.89
964.000 224.8 96.10
965.000 224.6 95.77
966.000 224.5 96.05
967.000 224.4 95.87
968.000 224.3 95.82
969.000 223.9 96.05
970.000 223.6 95.81
971.000 223.4 95.94
972.000 223.4 95.98
973.000 223.1 95.79
974.000 222.8 96.16
975.000 222.5 95.72
976.000 222.4 95.86
977.000 222.4 95.91
978.000 222.1 95.85
979.000 221.8 95.97
980.000 221.6 95.81
981.000 221.4 95.90
982.000 221.3 95.90
983.000 221.2 95.90
984.000 220.8 95.93
985.000 220.8 95.81
986.000 220.7 95.84
987.000 220.6 95.89
988.000 220.5 95.78
989.000 220.5 96.02
990.000 220.5 95.79
991.000 220.4 95.88
992.000 220.4 95.94
993.000 220.3 95.83
994.000 220.3 95.95
995.000 220.3 95.88
996.000 220.0 95.86
997.000 219.7 95.92
998.000 219.6 95.84
999.000 219.5 95.92
1000.000 219.4 95.84
1001.000 219.4 95.86
1002.000 219.5 95.89
1003.000 219.4 95.82
1004.000 219.4 95.92
1005.000 219.3 95.87
1006.000 219.2 95.86
1007.000 219.0 95.94
1008.000 218.8 95.76
1009.000 218.8 96.04
1010.000 218.9 95.93
1011.000 218.8 95.84
1012.000 218.8 95.96
1013.000 218.8 95.82
1014.000 218.8 95.91
1015.000 218.9 95.93
1016.000 218.8 95.80
1017.000 218.8 95.98
1018.000 218.9 95.78
1019.000 218.9 95.89
1020.000 218.8 96.02
1021.000 218.9 95.69
1022.000 219.0 96.06
1023.000 219.0 95.79
1024.000 219.0 95.89
1025.000 219.0 95.90
1026.000 219.1 95.87
1027.000 219.1 95.94
1028.000 219.2 95.82
1029.000 219.2 95.96
1030.000 219.5 95.88
1031.000 219.7 95.81
1032.000 219.9 96.00
1033.000 219.9 95.80
1034.000 220.0 95.86
1035.000 220.2 95.89
1036.000 220.2 95.84
1037.000 220.3 95.95
1038.000 220.8 95.91
1039.000 220.8 95.89
1040.000 220.8 95.97
1041.000 221.0 95.86
1042.000 221.0 96.01
1043.000 221.2 95.92
1044.000 221.3 95.82
1045.000 221.9 96.04
1046.000 221.9 95.76
1047.000 222.1 95.96
1048.000 222.2 95.88
1049.000 222.3 95.79
1050.000 222.7 95.99
1051.000 222.9 95.84
1052.000 223.0 96.04
1053.000 223.1 95.99
1054.000 223.3 95.81
1055.000 223.8 96.04
1056.000 224.0 95.85
1057.000 224.1 96.05
1058.000 224.2 96.14
1059.000 224.4 95.91
1060.000 224.9 96.24
1061.000 224.9 95.91
1062.000 225.1 96.09
1063.000 225.2 96.04
1064.000 225.6 95.97
1065.000 225.9 96.07
1066.000 226.2 95.98
1067.000 226.3 96.00
1068.000 226.5 96.18
1069.000 226.8 95.92
1070.000 227.1 96.05
1071.000 227.3 95.90
1072.000 227.7 95.96
1073.000 227.8 96.05
1074.000 228.3 95.92
1075.000 228.6 96.05
1076.000 228.9 95.98
1077.000 229.0 95.96
1078.000 229.3 95.96
1079.000 229.7 95.87
1080.000 230.0 96.00
1081.000 230.0 95.97
1082.000 230.5 95.83
1083.000 230.8 96.00
1084.000 231.1 95.95
1085.000 231.5 96.03
1086.000 231.9 95.94
1087.000 232.0 96.01
1088.000 232.3 96.02
1089.000 232.6 95.83
1090.000 232.9 96.08
1091.000 233.2 96.06
1092.000 233.1 95.95
1093.000 233.2 96.08
1094.000 233.8 95.87
1095.000 234.1 96.04
1096.000 234.5 96.00
1097.000 234.8 95.94
1098.000 235.1 96.15
1099.000 235.3 96.01
1100.000 236.0 96.05
1101.000 236.2 96.08
1102.000 236.4 95.90
1103.000 236.7 96.13
1104.000 236.9 95.94
1105.000 237.1 95.97
1106.000 237.3 95.97
1107.000 237.8 95.87
1108.000 238.2 96.00
1109.000 238.5 95.90
1110.000 238.9 96.09
1111.000 239.2 96.09
1112.000 239.3 95.89
1113.000 239.9 96.17
1114.000 240.1 95.95
1115.000 240.5 96.00
1116.000 240.8 96.22
1117.000 241.0 95.90
1118.000 241.1 96.22
1119.000 241.3 96.00
1120.000 241.8 96.06
1121.000 242.1 96.17
1122.000 242.4 95.93
1123.000 242.7 96.17
1124.000 242.8 96.09
1125.000 243.2 96.09
1126.000 243.4 96.17
1127.000 243.9 96.06
1128.000 244.1 96.14
1129.000 244.3 96.06
1130.000 244.9 96.11
1131.000 245.0 96.29
1132.000 245.2 95.99
1133.000 245.4 96.21
1134.000 245.8 96.13
1135.000 246.1 96.08
1136.000 246.4 96.19
1137.000 246.7 95.94
1138.000 247.0 96.28
1139.000 247.1 96.14
1140.000 247.3 96.05
1141.000 247.8 96.19
1142.000 248.0 96.10
1143.000 248.1 96.07
1144.000 248.4 96.15
1145.000 248.8 96.08
1146.000 249.0 96.30
1147.000 249.1 96.10
1148.000 249.3 96.18
1149.000 249.8 96.21
1150.000 250.0 96.08
1151.000 250.2 96.22
1152.000 250.3 96.07
1153.000 250.7 96.09
1154.000 251.0 96.24
1155.000 251.0 96.09
1156.000 251.1 96.25
1157.000 251.4 96.13
1158.000 251.9 96.18
1159.000 252.0 96.24
1160.000 252.2 96.13
1161.000 252.4 96.25
1162.000 252.8 96.17
1163.000 253.0 96.12
1164.000 252.8 96.27
1165.000 252.9 95.98
1166.000 253.0 96.17
1167.000 253.1 96.05
1168.000 253.1 96.12
1169.000 253.6 96.28
1170.000 253.9 95.99
1171.000 254.1 96.23
1172.000 254.3 96.10
1173.000 254.5 96.09
1174.000 254.7 96.21
1175.000 254.8 95.96
1176.000 254.7 96.18
1177.000 254.8 96.23
1178.000 254.8 96.11
1179.000 255.0 96.26
1180.000 255.1 96.15
1181.000 254.9 96.27
1182.000 255.0 96.22
1183.000 255.1 96.11
1184.000 255.1 96.38
1185.000 255.2 96.14
1186.000 255.4 96.35
1187.000 255.8 96.29
1188.000 255.9 96.10
1189.000 255.9 96.32
1190.000 256.0 96.30
1191.000 256.1 96.27
1192.000 256.1 96.26
1193.000 256.1 96.23
1194.000 256.1 96.36
1195.000 256.1 96.23
1196.000 256.1 96.25
1197.000 256.1 96.30
1198.000 256.2 96.21
1199.000 256.3 96.29
1200.000 256.5 96.28
1201.000 256.6 96.24
1202.000 256.6 96.25
1203.000 256.6 96.27
1204.000 256.6 96.23
1205.000 256.6 96.24
1206.000 256.6 96.25
1207.000 256.7 96.31
1208.000 256.5 96.13
1209.000 256.5 96.24
1210.000 256.5 96.19
1211.000 256.5 96.20
1212.000 256.5 96.31
1213.000 256.4 96.08
1214.000 256.5 96.17
1215.000 256.4 96.21
1216.000 256.3 96.08
1217.000 256.1 96.38
1218.000 255.9 96.16
1219.000 255.7 96.21
1220.000 255.7 96.16
1221.000 255.5 96.09
1222.000 255.2 96.28
1223.000 255.0 96.12
1224.000 254.9 96.23
1225.000 254.8 96.25
1226.000 254.7 96.14
1227.000 254.7 96.20
1228.000 254.6 96.13
1229.000 254.6 96.16
1230.000 254.5 96.18
1231.000 254.4 96.15
1232.000 254.4 96.21
1233.000 254.1 96.11
1234.000 253.8 96.18
1235.000 253.6 96.14
1236.000 253.5 96.04
1237.000 253.3 96.19
1238.000 253.4 96.09
1239.000 253.3 96.07
1240.000 253.1 96.22
1241.000 252.8 96.08
1242.000 252.5 96.29
1243.000 252.4 96.03
1244.000 252.4 96.09
1245.000 252.3 96.22
1246.000 252.1 96.12
1247.000 251.7 96.20
1248.000 251.3 96.11
1249.000 251.3 96.09
1250.000 251.1 96.18
1251.000 250.8 96.03
1252.000 250.5 96.19
1253.000 250.4 96.13
1254.000 250.1 96.16
1255.000 249.8 96.20
1256.000 249.5 96.13
1257.000 249.2 96.22
1258.000 248.8 96.18
1259.000 248.5 96.06
1260.000 248.6 96.17
1261.000 248.3 95.96
1262.000 248.1 96.09
1263.000 247.6 96.07
1264.000 247.5 96.04
1265.000 247.2 96.22
1266.000 246.9 95.91
1267.000 246.5 96.11
1268.000 246.6 96.04
1269.000 246.3 95.93
1270.000 246.1 96.08
1271.000 245.6 95.95
1272.000 245.3 96.06
1273.000 245.1 96.20
1274.000 244.7 96.03
1275.000 244.6 96.21
1276.000 244.3 96.04
1277.000 244.4 96.10
1278.000 243.8 96.21
1279.000 243.4 96.09
1280.000 243.1 96.22
1281.000 242.6 96.06
1282.000 242.4 96.16
1283.000 242.3 96.13
1284.000 242.3 96.06
1285.000 242.1 96.16
1286.000 241.3 96.06
1287.000 241.2 96.11
1288.000 240.8 96.18
1289.000 240.5 95.86
1290.000 240.3 96.02
1291.000 240.1 95.96
1292.000 239.6 96.04
1293.000 239.3 96.07
1294.000 239.3 95.97
1295.000 238.7 96.06
1296.000 238.5 95.99
1297.000 238.4 95.91
1298.000 238.1 96.17
1299.000 237.6 95.95
1300.000 237.3 95.98
1301.000 237.1 95.95
1302.000 236.7 95.93
1303.000 236.5 96.00
1304.000 236.3 95.97
1305.000 236.2 96.01
1306.000 235.5 96.00
1307.000 235.5 95.95
1308.000 235.0 96.07
1309.000 234.6 96.02
1310.000 234.6 95.99
1311.000 234.2 95.97
1312.000 233.8 95.90
1313.000 233.6 96.15
1314.000 233.4 95.86
1315.000 233.2 96.08
1316.000 232.8 95.97
1317.000 232.5 95.91
1318.000 232.3 95.92
1319.000 232.3 95.86
1320.000 232.1 95.99
1321.000 231.5 96.09
1322.000 231.2 95.87
1323.000 230.7 95.97
1324.000 230.5 95.84
1325.000 230.2 95.92
1326.000 229.8 95.98
1327.000 229.7 95.96
1328.000 229.3 95.94
1329.000 229.2 95.94
1330.000 228.7 95.93
1331.000 228.7 95.96
1332.000 228.5 95.94
1333.000 228.3 96.00
1334.000 228.2 96.00
1335.000 227.6 95.94
1336.000 227.4 95.99
1337.000 227.2 95.90
1338.000 226.8 95.97
1339.000 226.7 95.91
1340.000 226.6 95.97
1341.000 226.4 96.02
1342.000 226.4 95.92
1343.000 226.3 96.02
1344.000 226.1 96.10
1345.000 225.5 95.96
1346.000 225.3 96.13
1347.000 225.2 95.95
1348.000 224.8 96.08
1349.000 224.7 95.94
1350.000 224.6 95.86
1351.000 224.5 95.98
1352.000 224.4 95.83
1353.000 224.2 96.07
1354.000 223.8 95.99
1355.000 223.5 95.91
1356.000 223.5 95.96
1357.000 223.4 95.82
1358.000 223.2 95.97
1359.000 223.0 95.92
1360.000 222.7 95.76
1361.000 222.7 95.91
1362.000 222.7 95.74
1363.000 222.6 95.88
1364.000 222.4 95.90
1365.000 222.4 95.76
1366.000 222.4 95.92
1367.000 222.2 95.90
1368.000 221.7 95.90
1369.000 221.6 95.91
1370.000 221.5 95.76
1371.000 221.4 95.91
1372.000 221.3 95.85
1373.000 221.3 95.87
1374.000 221.3 95.92
1375.000 221.3 95.84
1376.000 221.1 95.89
1377.000 220.9 95.87
1378.000 220.8 95.86
1379.000 220.7 95.88
1380.000 220.7 95.80
1381.000 220.6 95.92
1382.000 220.6 95.85
1383.000 220.7 95.89
1384.000 220.6 95.92
1385.000 220.6 95.88
1386.000 220.6 95.93
1387.000 220.6 95.88
1388.000 220.6 95.87
1389.000 220.5 95.90
1390.000 220.5 95.82
1391.000 220.5 95.88
1392.000 220.6 95.88
1393.000 220.5 95.83
1394.000 220.6 95.95
1395.000 220.6 95.86
1396.000 220.6 95.89
1397.000 220.6 95.86
1398.000 220.7 95.87
1399.000 220.6 95.91
1400.000 220.7 95.87
1401.000 220.6 95.90
1402.000 220.7 95.87
1403.000 220.7 95.87
1404.000 220.9 95.93
1405.000 220.9 95.87
1406.000 220.8 95.92
1407.000 220.9 95.95
1408.000 221.0 95.87
1409.000 221.1 95.98
1410.000 221.2 95.92
1411.000 221.2 95.96
1412.000 221.2 95.96
1413.000 221.3 95.87
1414.000 221.8 95.96
1415.000 222.1 95.86
1416.000 222.1 95.83
1417.000 222.1 95.94
1418.000 222.3 95.75
1419.000 222.6 95.94
1420.000 222.8 95.88
1421.000 222.8 95.89
1422.000 223.1 96.01
1423.000 223.1 95.91
1424.000 223.2 96.02
1425.000 223.4 95.87
1426.000 223.7 95.92
1427.000 223.9 96.00
1428.000 224.0 95.93
1429.000 224.2 95.99
1430.000 224.3 95.88
1431.000 224.7 95.92
1432.000 224.8 96.04
1433.000 224.9 95.96
1434.000 225.1 96.06
1435.000 225.2 95.99
1436.000 225.4 95.96
1437.000 225.7 95.99
1438.000 226.0 95.95
1439.000 226.1 96.01
1440.000 226.4 96.11
1441.000 226.7 95.99
1442.000 226.8 96.05
1443.000 226.9 95.95
1444.000 227.0 96.03
1445.000 227.2 95.98
1446.000 227.3 96.03
1447.000 228.0 96.03
1448.000 228.0 95.98
1449.000 228.3 96.02
1450.000 228.8 96.02
1451.000 228.9 96.01
1452.000 229.0 96.08
1453.000 229.1 96.02
1454.000 229.3 95.97
1455.000 229.7 96.01
1456.000 230.2 95.85
1457.000 230.3 95.96
1458.000 230.6 95.87
1459.000 231.1 95.96
1460.000 231.1 95.99
1461.000 231.4 95.90
1462.000 232.0 95.97
1463.000 232.1 95.97
1464.000 232.2 95.96
1465.000 232.4 95.97
1466.000 232.9 95.94
1467.000 233.1 96.05
1468.000 233.2 96.00
1469.000 233.4 95.93
1470.000 234.0 95.96
1471.000 234.3 95.92
1472.000 234.6 96.06
1473.000 234.9 95.97
1474.000 235.2 96.01
1475.000 235.3 96.05
1476.000 235.8 95.99
1477.000 236.0 96.05
1478.000 236.2 96.09
1479.000 236.6 96.00
1480.000 236.9 96.02
1481.000 237.1 95.96
1482.000 237.3 96.10
1483.000 237.9 96.00
1484.000 238.1 96.00
1485.000 238.3 96.10
1486.000 238.7 95.93
1487.000 238.9 96.14
1488.000 239.0 96.07
1489.000 239.3 96.00
1490.000 240.0 96.18
1491.000 240.3 96.08
1492.000 240.2 96.07
1493.000 240.6 96.01
1494.000 240.9 96.08
1495.000 241.1 96.18
1496.000 241.3 96.11
1497.000 241.5 96.15
1498.000 241.9 96.19
1499.000 242.0 96.12
1500.000 242.4 96.22
1501.000 242.8 96.15
1502.000 242.9 96.15
1503.000 243.0 96.20
1504.000 243.3 96.01
1505.000 243.8 96.18
1506.000 244.0 96.03
1507.000 244.3 96.09
1508.000 244.7 96.12
1509.000 244.9 96.07
1510.000 245.0 96.18
1511.000 245.2 96.09
1512.000 245.3 96.01
1513.000 245.9 96.13
1514.000 246.0 96.01
1515.000 246.3 96.14
1516.000 246.7 96.03
1517.000 246.9 96.04
1518.000 247.0 96.11
1519.000 247.2 96.10
1520.000 247.4 96.15
1521.000 248.0 96.08
1522.000 248.1 96.09
1523.000 248.3 96.19
1524.000 248.6 96.14
1525.000 248.9 96.23
1526.000 248.9 96.19
1527.000 249.2 96.21
1528.000 249.2 96.27
1529.000 249.2 96.20
1530.000 249.7 96.24
1531.000 250.0 96.22
1532.000 250.1 96.18
1533.000 250.4 96.21
1534.000 250.7 96.17
1535.000 251.0 96.14
1536.000 251.1 96.25
1537.000 251.0 96.13
1538.000 251.2 96.22
1539.000 251.3 96.09
1540.000 251.9 96.16
1541.000 252.0 96.18
1542.000 252.1 96.10
1543.000 252.3 96.16
1544.000 252.6 96.11
1545.000 252.7 96.19
1546.000 252.7 96.16
1547.000 252.9 96.05
1548.000 252.8 96.26
1549.000 252.9 96.12
1550.000 253.0 96.13
1551.000 253.0 96.21
1552.000 253.1 96.13
1553.000 253.2 96.15
1554.000 253.2 96.11
1555.000 253.4 96.18
1556.000 253.7 96.15
1557.000 253.9 96.12
1558.000 254.0 96.29
1559.000 254.1 96.04
1560.000 254.1 96.11
1561.000 254.3 96.24
1562.000 254.5 96.10
1563.000 254.7 96.24
1564.000 254.7 96.18
1565.000 254.7 96.17
1566.000 254.7 96.18
1567.000 254.7 96.18
1568.000 254.7 96.24
1569.000 254.8 96.22
1570.000 254.8 96.21
1571.000 254.8 96.17
1572.000 254.8 96.10
1573.000 254.9 96.32
1574.000 254.9 96.21
1575.000 254.9 96.20
1576.000 254.9 96.29
1577.000 254.9 96.17
1578.000 254.8 96.20
1579.000 254.9 96.20
1580.000 255.0 96.16
1581.000 254.8 96.22
1582.000 254.9 96.17
1583.000 254.8 96.28
1584.000 254.8 96.25
1585.000 254.9 96.09
1586.000 254.8 96.24
1587.000 254.8 96.24
1588.000 254.8 96.23
1589.000 254.8 96.24
1590.000 254.8 96.17
1591.000 254.7 96.25
1592.000 254.7 96.18
1593.000 254.7 96.15
1594.000 254.7 96.16
1595.000 254.6 96.07
1596.000 254.6 96.25
1597.000 254.5 96.14
1598.000 254.5 96.20
1599.000 254.5 96.23
1600.000 254.3 96.03
1601.000 254.3 96.18
1602.000 254.3 96.15
1603.000 254.2 96.17
1604.000 253.6 96.20
1605.000 253.4 96.08
1606.000 253.5 96.27
1607.000 253.2 96.11
1608.000 252.9 96.00
1609.000 252.8 96.29
1610.000 252.7 96.10
1611.000 252.7 96.24
1612.000 252.5 96.13
1613.000 252.5 96.12
1614.000 252.5 96.20
1615.000 252.4 96.11
1616.000 252.4 96.17
1617.000 252.2 96.22
1618.000 251.6 96.17
1619.000 251.5 96.19
1620.000 251.3 96.08
1621.000 251.2 96.18
1622.000 250.7 96.20
1623.000 250.7 96.10
1624.000 250.6 96.23
1625.000 250.5 96.01
1626.000 250.1 96.19
1627.000 249.8 96.13
1628.000 249.5 96.04
1629.000 249.3 96.18
1630.000 249.2 96.14
1631.000 248.7 96.13
1632.000 248.7 96.13
1633.000 248.4 96.13
1634.000 248.2 96.21
1635.000 247.9 96.11
1636.000 247.8 96.15
1637.000 247.6 96.15
1638.000 247.4 96.08
1639.000 247.2 96.18
1640.000 246.6 96.09
1641.000 246.6 96.14
1642.000 246.3 96.22
1643.000 246.2 96.16
1644.000 245.7 96.19
1645.000 245.4 96.10
1646.000 245.4 96.05
1647.000 245.0 96.16
1648.000 244.7 96.02
1649.000 244.5 96.15
1650.000 244.4 96.13
1651.000 244.2 96.03
1652.000 243.7 96.10
1653.000 243.4 96.00
1654.000 243.2 96.15
1655.000 242.8 96.02
1656.000 242.7 96.02
1657.000 242.5 96.19
1658.000 242.4 95.94
1659.000 242.1 96.12
1660.000 241.7 96.00
1661.000 241.4 96.04
1662.000 241.1 96.11
1663.000 240.7 96.00
1664.000 240.5 96.06
1665.000 240.5 96.05
1666.000 240.3 95.99
1667.000 240.1 96.15
1668.000 239.5 95.96
1669.000 239.3 96.04
1670.000 239.1 96.14
1671.000 238.6 95.92
1672.000 238.5 96.06
1673.000 238.3 95.97
1674.000 238.0 96.05
1675.000 237.5 96.10
1676.000 237.2 95.96
1677.000 236.9 96.06
1678.000 236.7 96.01
1679.000 236.5 95.98
1680.000 236.4 96.04
1681.000 236.0 95.93
1682.000 235.6 96.00
1683.000 235.5 95.94
1684.000 235.2 96.03
1685.000 234.8 96.04
1686.000 234.5 95.90
1687.000 234.5 96.00
1688.000 234.2 95.94
1689.000 233.9 95.97
1690.000 233.4 95.98
1691.000 233.3 95.90
1692.000 233.2 96.00
1693.000 232.6 95.94
1694.000 232.4 95.93
1695.000 232.3 95.92
1696.000 232.0 95.93
1697.000 231.7 95.98
1698.000 231.3 95.91
1699.000 231.1 95.99
1700.000 230.9 95.98
1701.000 230.6 95.89
1702.000 230.6 95.99
1703.000 230.2 95.93
1704.000 229.7 95.98
1705.000 229.6 96.13
1706.000 229.2 96.06
1707.000 229.0 96.05
1708.000 228.7 96.03
1709.000 228.5 95.94
1710.000 228.4 96.01
1711.000 228.4 95.94
1712.000 228.1 96.01
1713.000 227.7 95.96
1714.000 227.3 95.93
1715.000 227.3 96.02
1716.000 227.2 96.00
1717.000 226.8 95.96
1718.000 226.7 96.02
1719.000 226.5 95.91
1720.000 226.4 96.00
1721.000 226.4 95.93
1722.000 226.1 96.02
1723.000 225.7 96.04
1724.000 225.6 95.90
1725.000 225.3 96.04
1726.000 225.3 95.95
1727.000 225.0 96.03
1728.000 224.8 96.01
1729.000 224.6 95.90
1730.000 224.6 96.00
1731.000 224.3 95.98
1732.000 224.3 95.91
1733.000 224.3 95.97
1734.000 223.9 95.84
1735.000 223.8 95.98
1736.000 223.5 95.92
1737.000 223.5 95.89
1738.000 223.3 95.96
1739.000 223.2 95.93
1740.000 222.9 95.88
1741.000 222.8 95.88
1742.000 222.7 95.80
1743.000 222.7 95.95
1744.000 222.5 95.77
1745.000 222.5 95.78
1746.000 222.4 95.88
1747.000 222.4 95.82
1748.000 222.4 95.88
1749.000 222.4 95.78
1750.000 222.3 95.89
1751.000 222.2 95.94
1752.000 221.8 95.82
1753.000 221.7 95.94
1754.000 221.6 95.90
1755.000 221.6 95.94
1756.000 221.6 95.91
1757.000 221.5 95.88
1758.000 221.5 95.91
1759.000 221.5 95.88
1760.000 221.5 95.89
1761.000 221.4 95.88
1762.000 221.3 95.84
1763.000 221.4 95.90
1764.000 221.3 95.87
1765.000 221.2 95.88
1766.000 221.0 95.93
1767.000 221.0 95.85
1768.000 220.9 95.92
1769.000 220.9 95.86
1770.000 220.9 95.87
1771.000 221.0 95.94
1772.000 220.9 95.87
1773.000 220.9 95.92
1774.000 221.0 95.88
1775.000 221.0 95.90
1776.000 221.0 96.00
1777.000 221.0 95.86
1778.000 221.2 95.92
1779.000 221.1 95.96
1780.000 221.2 95.91
1781.000 221.2 95.96
1782.000 221.4 95.85
1783.000 221.8 95.89
1784.000 221.9 95.91
1785.000 222.1 95.90
1786.000 222.0 95.92
1787.000 222.1 95.86
1788.000 222.2 95.95
1789.000 222.0 95.89
1790.000 222.2 95.85
1791.000 222.4 95.92
1792.000 222.7 95.82
1793.000 222.8 95.88
1794.000 222.9 95.95
1795.000 223.0 95.90
1796.000 223.0 96.03
1797.000 223.0 95.94
1798.000 223.2 95.91
1799.000 223.3 95.99
1800.000 223.8 95.94
1801.000 223.8 95.99
1802.000 223.9 95.99
1803.000 224.2 96.04
1804.000 224.2 96.03
1805.000 224.4 95.90
1806.000 224.8 96.05
1807.000 224.9 95.98
1808.000 224.9 96.01
1809.000 225.1 96.10
1810.000 225.2 95.98
1811.000 225.3 96.09
1812.000 225.7 96.07
1813.000 225.9 95.97
1814.000 226.2 96.10
1815.000 226.2 96.02
1816.000 226.3 96.06
1817.000 226.7 96.04
1818.000 226.9 96.02
1819.000 227.0 96.08
1820.000 227.2 95.97
1821.000 227.3 96.04
1822.000 227.7 95.99
1823.000 228.2 95.92
1824.000 228.2 96.02
1825.000 228.3 95.92
1826.000 228.7 95.98
1827.000 228.9 96.03
1828.000 229.0 96.02
1829.000 229.3 96.01
1830.000 229.6 95.99
1831.000 229.9 96.06
1832.000 230.1 96.02
1833.000 230.2 95.98
1834.000 230.3 96.05
1835.000 230.8 95.97
1836.000 231.1 95.94
1837.000 231.2 95.97
1838.000 231.6 95.94
1839.000 232.1 96.02
1840.000 232.1 95.99
1841.000 232.4 95.97
1842.000 232.8 96.03
1843.000 233.0 95.91
1844.000 233.0 96.05
1845.000 233.1 95.95
1846.000 233.3 95.96
1847.000 233.6 95.97
1848.000 234.1 95.90
1849.000 234.3 95.96
1850.000 234.8 95.94
1851.000 235.0 95.94
1852.000 235.1 96.17
1853.000 235.2 95.91
1854.000 235.7 96.05
1855.000 235.9 96.05
1856.000 236.3 96.00
1857.000 236.7 96.02
1858.000 237.0 96.02
1859.000 237.1 96.02
1860.000 237.1 96.16
1861.000 237.4 95.79
1862.000 238.0 96.21
1863.000 238.0 95.94
1864.000 238.3 95.93
1865.000 238.7 95.98
1866.000 239.0 95.91
1867.000 239.2 96.03
1868.000 239.4 95.94
1869.000 239.7 96.02
1870.000 240.0 96.11
1871.000 240.2 95.99
1872.000 240.4 96.24
1873.000 240.7 96.09
