 Masse A  
t x y 
0.000 178.9 95.27
1.000 178.8 95.39
2.000 178.8 95.25
3.000 178.6 95.31
4.000 178.6 95.31
5.000 178.4 95.21
6.000 178.1 95.37
7.000 177.8 95.26
8.000 177.3 95.31
9.000 177.1 95.34
10.000 177.0 95.22
11.000 176.9 95.29
12.000 176.8 95.34
13.000 176.7 95.23
14.000 176.7 95.22
15.000 176.6 95.13
16.000 176.6 95.22
17.000 176.6 95.16
18.000 176.4 95.15
19.000 176.0 95.25
20.000 175.8 95.06
21.000 175.9 95.20
22.000 175.8 95.11
23.000 175.7 95.09
24.000 175.7 95.20
25.000 175.6 95.13
26.000 175.6 95.14
27.000 175.6 95.18
28.000 175.5 94.96
29.000 175.4 95.29
30.000 175.1 95.08
31.000 175.2 95.22
32.000 175.1 95.16
33.000 175.1 95.15
34.000 175.1 95.20
35.000 175.1 95.15
36.000 175.1 95.15
37.000 175.1 95.21
38.000 175.2 95.11
39.000 175.2 95.30
40.000 175.2 95.11
41.000 175.2 95.18
42.000 175.3 95.25
43.000 175.2 95.09
44.000 175.4 95.27
45.000 175.4 95.27
46.000 175.5 95.14
47.000 175.9 95.17
48.000 176.0 95.08
49.000 176.2 95.28
50.000 176.3 95.21
51.000 176.3 95.23
52.000 176.5 95.38
53.000 176.8 95.10
54.000 176.8 95.34
55.000 176.9 95.23
56.000 176.9 95.25
57.000 177.0 95.31
58.000 177.1 95.16
59.000 177.2 95.29
60.000 177.2 95.32
61.000 177.2 95.23
62.000 177.5 95.34
63.000 177.9 95.21
64.000 178.1 95.33
65.000 178.2 95.28
66.000 178.3 95.24
67.000 178.5 95.28
68.000 178.8 95.22
69.000 178.9 95.34
70.000 178.9 95.31
71.000 179.1 95.35
72.000 179.3 95.41
73.000 179.3 95.35
74.000 179.6 95.30
75.000 180.0 95.31
76.000 180.3 95.31
77.000 180.5 95.34
78.000 180.9 95.24
79.000 181.0 95.34
80.000 181.2 95.39
81.000 181.2 95.32
82.000 181.3 95.40
83.000 181.6 95.27
84.000 182.1 95.24
85.000 182.5 95.40
86.000 182.9 95.18
87.000 183.0 95.50
88.000 183.1 95.40
89.000 183.4 95.41
90.000 183.4 95.38
91.000 183.7 95.35
92.000 184.2 95.47
93.000 184.3 95.37
94.000 184.7 95.37
95.000 184.9 95.40
96.000 185.1 95.33
97.000 185.3 95.54
98.000 185.7 95.42
99.000 186.1 95.39
100.000 186.3 95.49
101.000 186.5 95.18
102.000 186.9 95.48
103.000 187.1 95.45
104.000 187.3 95.48
105.000 187.5 95.49
106.000 188.0 95.44
107.000 188.3 95.51
108.000 188.4 95.58
109.000 188.7 95.33
110.000 189.0 95.51
111.000 189.2 95.37
112.000 189.3 95.54
113.000 189.5 95.53
114.000 190.0 95.42
115.000 190.3 95.62
116.000 190.6 95.40
117.000 190.8 95.53
118.000 191.1 95.57
119.000 191.2 95.46
120.000 191.4 95.75
121.000 191.6 95.45
122.000 192.4 95.62
123.000 192.4 95.60
124.000 192.6 95.36
125.000 192.9 95.67
126.000 193.1 95.43
127.000 193.4 95.59
128.000 193.5 95.57
129.000 194.0 95.48
130.000 194.3 95.77
131.000 194.4 95.58
132.000 195.0 95.60
133.000 194.9 95.84
134.000 195.2 95.64
135.000 195.3 95.89
136.000 195.7 95.75
137.000 196.2 95.62
138.000 196.4 95.67
139.000 196.6 95.59
140.000 196.8 95.63
141.000 197.1 95.56
142.000 197.3 95.64
143.000 197.3 95.68
144.000 197.4 95.65
145.000 197.6 95.65
146.000 198.2 95.70
147.000 198.2 95.63
148.000 198.3 95.73
149.000 198.5 95.48
150.000 199.1 95.68
151.000 199.1 95.65
152.000 199.2 95.70
153.000 199.5 95.67
154.000 199.8 95.62
155.000 200.2 95.70
156.000 200.0 95.77
157.000 200.1 95.91
158.000 200.3 96.32
159.000 200.4 96.00
160.000 200.5 96.03
161.000 200.9 96.09
162.000 201.1 96.02
163.000 201.1 96.19
164.000 201.2 96.08
165.000 201.3 96.23
166.000 201.5 96.10
167.000 201.8 96.03
168.000 202.0 96.18
169.000 202.1 96.15
170.000 202.1 96.10
171.000 202.3 96.24
172.000 202.4 95.95
173.000 202.6 96.38
174.000 202.7 96.05
175.000 202.9 96.15
176.000 203.0 96.24
177.000 203.0 96.15
178.000 203.0 96.31
179.000 203.1 96.15
180.000 203.2 96.15
181.000 203.2 96.29
182.000 203.2 96.18
183.000 203.3 96.29
184.000 203.3 96.29
185.000 203.3 96.21
186.000 203.5 96.14
187.000 203.7 96.12
188.000 203.8 96.20
189.000 203.8 96.16
190.000 203.9 96.15
191.000 203.9 96.19
192.000 204.0 96.08
193.000 204.0 96.13
194.000 204.0 96.16
195.000 204.1 96.11
196.000 204.1 96.25
197.000 204.0 96.06
198.000 204.0 96.19
199.000 204.0 96.16
200.000 204.0 96.14
201.000 204.0 96.21
202.000 203.9 96.12
203.000 203.9 96.14
204.000 203.8 96.21
205.000 203.8 96.04
206.000 203.8 96.18
207.000 203.7 96.14
208.000 203.7 96.14
209.000 203.7 96.15
210.000 203.6 96.03
211.000 203.6 96.29
212.000 203.6 96.08
213.000 203.6 96.17
214.000 203.5 96.14
215.000 203.3 96.19
216.000 203.0 96.30
217.000 202.8 96.20
218.000 202.9 96.08
219.000 202.8 96.21
220.000 202.7 95.96
221.000 202.6 96.25
222.000 202.5 96.02
223.000 202.5 96.09
224.000 202.5 96.10
225.000 202.3 96.02
226.000 201.9 96.14
227.000 201.8 96.06
228.000 201.6 96.02
229.000 201.5 96.15
230.000 201.4 96.16
231.000 201.0 96.17
232.000 201.0 96.10
233.000 200.7 96.02
234.000 200.7 96.09
235.000 200.4 96.08
236.000 200.1 96.14
237.000 199.8 96.03
238.000 199.6 96.00
239.000 199.6 96.05
240.000 199.4 96.06
241.000 199.0 96.04
242.000 198.8 96.03
243.000 198.8 95.92
244.000 198.7 96.05
245.000 198.4 95.96
246.000 198.1 96.04
247.000 197.9 96.04
248.000 197.6 95.95
249.000 197.3 96.15
250.000 197.0 95.95
251.000 196.8 95.96
252.000 196.7 96.03
253.000 196.6 95.85
254.000 196.4 96.07
255.000 195.7 95.92
256.000 195.5 95.95
257.000 195.3 96.10
258.000 194.9 95.87
259.000 194.8 96.10
260.000 194.6 95.93
261.000 194.3 95.98
262.000 193.9 95.95
263.000 193.5 95.83
264.000 193.2 95.94
265.000 192.8 95.77
266.000 192.8 95.52
267.000 192.5 95.65
268.000 192.3 95.48
269.000 191.6 95.61
270.000 191.5 95.39
271.000 191.3 95.40
272.000 190.9 95.53
273.000 190.7 95.39
274.000 190.5 95.47
275.000 190.0 95.49
276.000 189.7 95.39
277.000 189.3 95.54
278.000 189.0 95.43
279.000 188.7 95.39
280.000 188.6 95.44
281.000 188.2 95.38
282.000 187.5 95.45
283.000 187.3 95.37
284.000 187.0 95.41
285.000 186.7 95.36
286.000 186.5 95.31
287.000 186.5 95.39
288.000 185.9 95.34
289.000 185.3 95.54
290.000 184.9 95.52
291.000 184.6 95.35
292.000 184.4 95.36
293.000 183.9 95.32
294.000 183.5 95.42
295.000 183.3 95.45
296.000 182.9 95.32
297.000 182.6 95.39
298.000 182.5 95.17
299.000 182.2 95.30
300.000 181.5 95.32
301.000 181.3 95.27
302.000 180.8 95.33
303.000 180.6 95.32
304.000 180.4 95.32
305.000 179.6 95.25
306.000 179.4 95.31
307.000 178.9 95.32
308.000 178.7 95.28
309.000 178.7 95.27
310.000 178.5 95.34
311.000 178.1 95.17
312.000 177.4 95.22
313.000 177.2 95.20
314.000 176.8 95.13
315.000 176.6 95.30
316.000 176.3 95.13
317.000 175.7 95.19
318.000 175.2 95.14
319.000 174.9 95.00
320.000 174.8 95.15
321.000 174.4 95.11
322.000 173.9 95.20
323.000 173.4 95.23
324.000 173.0 95.08
325.000 172.8 95.18
326.000 172.7 95.12
327.000 172.4 95.10
328.000 172.2 95.16
329.000 171.7 95.03
330.000 171.3 95.15
331.000 170.9 95.02
332.000 170.6 95.04
333.000 170.5 95.00
334.000 170.4 94.99
335.000 170.0 95.13
336.000 169.5 95.00
337.000 169.1 95.07
338.000 168.8 95.10
339.000 168.7 94.95
340.000 168.5 95.06
341.000 168.3 95.09
342.000 167.9 95.09
343.000 167.6 94.99
344.000 167.3 95.07
345.000 167.0 95.10
346.000 166.7 94.92
347.000 166.5 94.93
348.000 166.5 94.90
349.000 166.3 94.94
350.000 166.0 94.96
351.000 165.5 94.93
352.000 165.5 94.91
353.000 165.2 95.14
354.000 164.8 95.01
355.000 164.8 95.05
356.000 164.5 95.00
357.000 164.5 94.92
358.000 164.3 95.14
359.000 163.9 95.02
360.000 163.7 95.09
361.000 163.5 95.11
362.000 163.4 95.14
363.000 163.1 95.20
364.000 162.9 95.03
365.000 162.8 95.08
366.000 162.8 95.10
367.000 162.6 94.98
368.000 162.6 95.10
369.000 162.4 94.97
370.000 162.3 95.14
371.000 162.0 95.06
372.000 161.8 94.97
373.000 161.8 94.99
374.000 161.7 94.95
375.000 161.5 94.98
376.000 161.4 95.04
377.000 161.3 94.96
378.000 161.1 95.06
379.000 161.0 94.95
380.000 161.0 94.98
381.000 160.9 94.90
382.000 160.8 94.89
383.000 160.8 94.90
384.000 160.6 94.84
385.000 160.6 94.81
386.000 160.6 94.86
387.000 160.7 94.66
388.000 160.8 94.54
389.000 160.7 94.41
390.000 160.7 94.39
391.000 160.7 94.46
392.000 160.7 94.37
393.000 160.6 94.49
394.000 160.7 94.45
395.000 160.6 94.40
396.000 160.6 94.53
397.000 160.6 94.44
398.000 160.6 94.45
399.000 160.6 94.47
400.000 160.6 94.41
401.000 160.7 94.50
402.000 160.7 94.42
403.000 160.6 94.51
404.000 160.7 94.42
405.000 160.7 94.47
406.000 160.8 94.49
407.000 160.7 94.43
408.000 160.8 94.49
409.000 160.8 94.48
410.000 160.8 94.50
411.000 160.9 94.59
412.000 160.9 94.54
413.000 160.9 94.58
414.000 161.0 94.56
415.000 161.1 94.57
416.000 161.1 94.68
417.000 161.2 94.63
418.000 161.2 94.73
419.000 161.3 94.70
420.000 161.4 94.67
421.000 161.6 94.60
422.000 161.8 94.59
423.000 161.9 94.71
424.000 162.1 94.75
425.000 162.2 94.68
426.000 162.2 94.82
427.000 162.3 95.01
428.000 162.4 95.07
429.000 162.5 95.04
430.000 162.8 95.05
431.000 163.0 95.09
432.000 163.2 95.14
433.000 163.2 95.12
434.000 163.3 95.19
435.000 163.6 95.02
436.000 163.9 95.09
437.000 164.1 95.07
438.000 164.3 95.08
439.000 164.4 95.13
440.000 164.5 94.94
441.000 164.8 95.06
442.000 165.2 95.08
443.000 165.3 95.07
444.000 165.5 94.97
445.000 165.8 94.81
446.000 166.1 94.96
447.000 166.2 94.98
448.000 166.4 95.02
449.000 166.7 94.99
450.000 167.0 94.96
451.000 167.3 95.13
452.000 167.5 94.98
453.000 167.9 95.03
454.000 168.1 95.21
455.000 168.3 95.10
456.000 168.5 95.07
457.000 168.9 95.07
458.000 169.2 95.03
459.000 169.3 95.08
460.000 169.4 94.94
461.000 170.0 95.06
462.000 170.2 95.08
463.000 170.4 94.96
464.000 170.8 95.09
465.000 171.1 95.08
466.000 171.3 95.07
467.000 171.5 95.10
468.000 172.1 95.09
469.000 172.4 95.16
470.000 172.7 95.11
471.000 173.0 95.10
472.000 173.2 95.15
473.000 173.3 95.10
474.000 173.6 95.21
475.000 174.3 95.18
476.000 174.5 95.10
477.000 175.0 95.23
478.000 175.3 95.00
479.000 175.7 95.23
480.000 175.9 95.12
481.000 176.4 95.18
482.000 176.9 95.28
483.000 177.0 95.11
484.000 177.2 95.19
485.000 177.2 95.26
486.000 177.6 95.25
487.000 178.1 95.27
488.000 178.3 95.24
489.000 178.6 95.29
490.000 179.0 95.34
491.000 179.1 95.28
492.000 179.4 95.46
493.000 179.7 95.25
494.000 180.2 95.33
495.000 180.6 95.28
496.000 180.8 95.28
497.000 181.2 95.33
498.000 181.2 95.30
499.000 181.6 95.27
500.000 182.0 95.32
501.000 182.3 95.34
502.000 182.6 95.42
503.000 182.9 95.29
504.000 183.3 95.40
505.000 183.5 95.31
506.000 184.0 95.33
507.000 184.2 95.40
508.000 184.5 95.31
509.000 184.8 95.36
510.000 185.1 95.49
511.000 185.3 95.48
512.000 185.4 95.51
513.000 185.7 95.34
514.000 186.2 95.37
515.000 186.5 95.38
516.000 186.9 95.37
517.000 187.0 95.39
518.000 187.2 95.41
519.000 187.5 95.35
520.000 187.9 95.46
521.000 188.3 95.41
522.000 188.5 95.46
523.000 188.8 95.47
524.000 189.1 95.43
525.000 189.2 95.51
526.000 189.3 95.44
527.000 189.5 95.53
528.000 190.0 95.47
529.000 190.1 95.40
530.000 190.4 95.54
531.000 190.9 95.31
532.000 191.0 95.53
533.000 191.1 95.51
534.000 191.2 95.49
535.000 191.4 95.72
536.000 191.5 95.50
537.000 192.1 95.67
538.000 192.3 95.59
539.000 192.4 95.59
540.000 192.5 95.48
541.000 193.0 95.48
542.000 193.1 95.56
543.000 193.1 95.59
544.000 193.4 95.53
545.000 193.4 95.61
546.000 193.5 95.50
547.000 194.1 95.57
548.000 194.1 95.56
549.000 194.3 95.54
550.000 194.5 95.60
551.000 194.7 95.57
552.000 195.0 95.54
553.000 195.0 95.66
554.000 195.0 95.59
555.000 195.1 95.62
556.000 195.3 95.57
557.000 195.3 95.57
558.000 195.4 95.66
559.000 195.4 95.50
560.000 195.9 95.63
561.000 196.2 95.62
562.000 196.2 95.63
563.000 196.3 95.63
564.000 196.4 95.64
565.000 196.5 95.60
566.000 196.8 95.58
567.000 196.9 95.57
568.000 196.9 95.61
569.000 197.0 95.60
570.000 197.0 95.60
571.000 197.0 95.59
572.000 197.1 95.59
573.000 197.1 95.62
574.000 197.1 95.58
575.000 197.2 95.65
576.000 197.2 95.61
577.000 197.2 95.60
578.000 197.2 95.66
579.000 197.2 95.62
580.000 197.3 95.60
581.000 197.3 95.64
582.000 197.2 95.61
583.000 197.2 95.63
584.000 197.2 95.58
585.000 197.3 95.66
586.000 197.3 95.62
587.000 197.2 95.62
588.000 197.2 95.71
589.000 197.2 95.63
590.000 197.2 95.62
591.000 197.2 95.64
592.000 197.2 95.59
593.000 197.2 95.60
594.000 197.2 95.62
595.000 197.2 95.59
596.000 197.2 95.60
597.000 197.0 95.54
598.000 197.1 95.60
599.000 197.1 95.56
600.000 196.9 95.53
601.000 197.0 95.56
602.000 196.9 95.60
603.000 196.9 95.60
604.000 196.8 95.56
605.000 196.8 95.59
606.000 196.8 95.61
607.000 196.7 95.54
608.000 196.6 95.55
609.000 196.6 95.53
610.000 196.5 95.61
611.000 196.1 95.65
612.000 195.8 95.51
613.000 195.7 95.55
614.000 195.6 95.56
615.000 195.4 95.53
616.000 195.1 95.64
617.000 195.0 95.50
618.000 194.8 95.54
619.000 194.8 95.57
620.000 194.7 95.51
621.000 194.6 95.62
622.000 194.6 95.47
623.000 194.4 95.59
624.000 193.9 95.55
625.000 193.8 95.48
626.000 193.5 95.63
627.000 193.4 95.50
628.000 193.0 95.50
629.000 192.8 95.48
630.000 192.7 95.48
631.000 192.6 95.56
632.000 192.5 95.47
633.000 192.1 95.55
634.000 191.9 95.53
635.000 191.7 95.50
636.000 191.5 95.46
637.000 191.4 95.56
638.000 191.0 95.44
639.000 190.8 95.39
640.000 190.6 95.41
641.000 190.5 95.43
642.000 190.3 95.48
643.000 189.9 95.40
644.000 189.6 95.49
645.000 189.5 95.36
646.000 189.3 95.50
647.000 188.8 95.37
648.000 188.6 95.29
649.000 188.4 95.41
650.000 188.3 95.39
651.000 187.9 95.45
652.000 187.4 95.40
653.000 187.4 95.46
654.000 187.0 95.48
655.000 186.8 95.37
656.000 186.6 95.38
657.000 186.5 95.39
658.000 186.3 95.45
659.000 185.6 95.43
660.000 185.4 95.38
661.000 184.9 95.43
662.000 184.7 95.41
663.000 184.6 95.39
664.000 184.4 95.52
665.000 183.8 95.38
666.000 183.4 95.33
667.000 183.3 95.42
668.000 183.1 95.37
669.000 182.8 95.38
670.000 182.5 95.33
671.000 182.4 95.28
672.000 182.0 95.38
673.000 181.5 95.18
674.000 181.3 95.34
675.000 180.8 95.34
676.000 180.6 95.28
677.000 180.3 95.36
678.000 179.8 95.25
679.000 179.4 95.34
680.000 179.1 95.27
681.000 178.9 95.30
682.000 178.7 95.34
683.000 178.6 95.17
684.000 178.5 95.34
685.000 178.2 95.27
686.000 177.7 95.22
687.000 177.2 95.30
688.000 177.0 95.20
689.000 176.6 95.19
690.000 176.6 95.19
691.000 176.3 95.13
692.000 175.7 95.10
693.000 175.3 95.08
694.000 175.0 95.17
695.000 174.7 95.14
696.000 174.5 95.07
697.000 174.2 95.22
698.000 173.6 95.11
699.000 173.3 95.18
700.000 173.0 95.15
701.000 172.7 95.09
702.000 172.7 95.15
703.000 172.4 95.14
704.000 171.9 95.13
705.000 171.6 95.06
706.000 171.5 95.08
707.000 171.2 95.15
708.000 170.9 95.04
709.000 170.5 95.03
710.000 170.5 95.04
711.000 170.2 95.06
712.000 169.7 95.09
713.000 169.6 94.99
714.000 169.2 95.05
715.000 168.9 95.08
716.000 168.8 95.03
717.000 168.6 95.07
718.000 168.3 95.13
719.000 167.8 95.10
720.000 167.6 95.06
721.000 167.5 94.97
722.000 167.1 95.10
723.000 166.9 95.02
724.000 166.6 94.90
725.000 166.6 94.96
726.000 166.4 94.85
727.000 166.4 95.03
728.000 165.7 94.93
729.000 165.7 94.95
730.000 165.4 95.11
731.000 165.1 95.05
732.000 164.9 95.05
733.000 164.7 95.08
734.000 164.7 95.03
735.000 164.6 95.06
736.000 164.6 94.98
737.000 164.3 95.16
738.000 163.8 95.07
739.000 163.7 95.09
740.000 163.4 95.12
741.000 163.5 95.08
742.000 163.3 95.13
743.000 163.0 95.11
744.000 162.8 95.01
745.000 162.8 95.07
746.000 162.7 95.00
747.000 162.7 95.03
748.000 162.6 95.03
749.000 162.4 95.06
750.000 162.0 95.08
751.000 161.8 95.00
752.000 161.8 95.04
753.000 161.7 95.00
754.000 161.7 94.99
755.000 161.6 95.03
756.000 161.5 94.95
757.000 161.5 94.93
758.000 161.4 95.10
759.000 161.1 95.02
760.000 161.0 95.02
761.000 161.0 94.95
762.000 161.0 94.99
763.000 160.9 94.98
764.000 160.8 94.92
765.000 160.8 94.97
766.000 160.8 94.92
767.000 160.7 94.91
768.000 160.7 94.88
769.000 160.7 94.82
770.000 160.7 94.88
771.000 160.7 94.85
772.000 160.7 94.84
773.000 160.7 94.90
774.000 160.7 94.82
775.000 160.6 94.88
776.000 160.7 94.84
777.000 160.6 94.86
778.000 160.7 94.91
779.000 160.6 94.88
780.000 160.7 94.87
781.000 160.7 94.90
782.000 160.7 94.88
783.000 160.7 94.87
784.000 160.7 94.93
785.000 160.7 94.90
786.000 160.7 94.90
787.000 160.8 94.93
788.000 160.8 94.93
789.000 160.9 94.93
790.000 160.9 94.97
791.000 160.9 94.98
792.000 161.0 94.88
793.000 161.0 95.04
794.000 161.0 95.01
795.000 161.0 95.01
796.000 161.2 95.04
797.000 161.2 95.06
798.000 161.3 95.15
799.000 161.4 95.06
800.000 161.4 95.12
801.000 161.4 94.95
802.000 161.9 95.04
803.000 162.0 95.10
804.000 162.2 95.04
805.000 162.2 95.07
806.000 162.3 95.12
807.000 162.4 95.05
808.000 162.5 95.05
809.000 162.8 95.04
810.000 162.9 95.03
811.000 163.1 95.10
812.000 163.1 95.08
813.000 163.3 95.14
814.000 163.6 95.06
815.000 163.8 95.07
816.000 164.1 95.12
817.000 164.1 95.04
818.000 164.2 95.10
819.000 164.5 95.02
820.000 164.9 95.03
821.000 164.9 95.06
822.000 165.0 95.04
823.000 165.2 95.11
824.000 165.4 95.02
825.000 165.5 94.90
826.000 165.9 94.98
827.000 166.0 95.00
828.000 166.4 95.05
829.000 166.5 94.89
830.000 167.1 95.03
831.000 167.1 95.08
832.000 167.3 95.08
833.000 167.4 94.99
834.000 167.8 95.05
835.000 168.2 95.09
836.000 168.3 95.16
837.000 168.4 95.07
838.000 168.7 95.07
839.000 168.9 95.10
840.000 169.2 94.98
841.000 169.2 95.05
842.000 169.7 95.02
843.000 170.1 95.06
844.000 170.3 95.12
845.000 170.6 94.99
846.000 171.0 95.12
847.000 171.3 95.12
848.000 171.3 95.10
849.000 171.6 95.11
850.000 172.2 95.12
851.000 172.3 95.17
852.000 172.6 95.12
853.000 172.9 95.11
854.000 173.0 95.15
855.000 173.4 95.18
856.000 173.7 95.09
857.000 174.3 95.18
858.000 174.6 95.07
859.000 175.0 95.19
860.000 175.2 95.17
861.000 175.5 95.14
862.000 175.9 95.15
863.000 176.3 95.10
864.000 176.4 95.28
865.000 176.7 95.15
866.000 177.1 95.26
867.000 177.2 95.27
868.000 177.3 95.24
869.000 177.7 95.25
870.000 178.2 95.27
871.000 178.2 95.30
872.000 178.6 95.22
873.000 178.9 95.33
874.000 179.2 95.39
875.000 179.4 95.42
876.000 179.5 95.28
877.000 180.2 95.35
878.000 180.5 95.25
879.000 180.9 95.33
880.000 181.0 95.32
881.000 181.1 95.31
882.000 181.3 95.50
883.000 181.6 95.34
884.000 182.3 95.45
885.000 182.4 95.39
886.000 182.7 95.42
887.000 183.0 95.41
888.000 183.3 95.34
889.000 183.4 95.38
890.000 183.8 95.38
891.000 184.3 95.37
892.000 184.4 95.39
893.000 184.8 95.34
894.000 185.1 95.44
895.000 185.2 95.46
896.000 185.4 95.44
897.000 185.4 95.50
898.000 185.8 95.43
899.000 186.2 95.48
900.000 186.5 95.39
901.000 187.0 95.42
902.000 187.2 95.48
903.000 187.3 95.52
904.000 187.3 95.55
905.000 187.6 95.40
906.000 187.9 95.38
907.000 188.4 95.49
908.000 188.4 95.44
909.000 188.6 95.45
910.000 189.1 95.49
911.000 189.2 95.48
912.000 189.2 95.53
913.000 189.4 95.43
914.000 189.5 95.43
915.000 190.0 95.48
916.000 190.2 95.45
917.000 190.5 95.44
918.000 190.8 95.46
919.000 190.9 95.51
920.000 191.0 95.49
921.000 191.2 95.54
922.000 191.2 95.60
923.000 191.4 95.68
924.000 191.6 95.40
925.000 192.0 95.60
926.000 192.2 95.48
927.000 192.2 95.50
928.000 192.5 95.45
929.000 192.7 95.48
930.000 192.9 95.56
931.000 193.0 95.55
932.000 193.1 95.56
933.000 193.2 95.53
934.000 193.3 95.62
935.000 193.4 95.62
936.000 193.5 95.43
937.000 194.0 95.61
938.000 194.1 95.58
939.000 194.2 95.58
940.000 194.3 95.66
941.000 194.4 95.56
942.000 194.5 95.58
943.000 194.7 95.62
944.000 194.8 95.59
945.000 194.8 95.59
946.000 195.0 95.55
947.000 195.0 95.53
948.000 195.1 95.57
949.000 195.0 95.50
950.000 195.1 95.57
951.000 195.1 95.49
952.000 195.1 95.57
953.000 195.1 95.58
954.000 195.1 95.51
955.000 195.2 95.56
956.000 195.3 95.56
957.000 195.3 95.61
958.000 195.3 95.57
959.000 195.3 95.57
960.000 195.4 95.64
961.000 195.3 95.56
962.000 195.4 95.56
963.000 195.4 95.61
964.000 195.3 95.56
965.000 195.4 95.61
966.000 195.4 95.54
967.000 195.8 95.52
968.000 195.8 95.53
969.000 195.9 95.54
970.000 195.8 95.57
971.000 195.7 95.53
972.000 195.8 95.51
973.000 195.7 95.56
974.000 195.7 95.55
975.000 195.7 95.56
976.000 195.7 95.53
977.000 195.6 95.55
978.000 195.6 95.60
979.000 195.6 95.57
980.000 195.4 95.58
981.000 195.1 95.57
982.000 195.0 95.57
983.000 195.0 95.62
984.000 195.0 95.61
985.000 194.9 95.60
986.000 194.9 95.64
987.000 194.8 95.62
988.000 194.8 95.60
989.000 194.8 95.58
990.000 194.7 95.61
991.000 194.7 95.59
992.000 194.6 95.54
993.000 194.6 95.56
994.000 194.2 95.60
995.000 193.9 95.58
996.000 193.6 95.56
997.000 193.7 95.51
998.000 193.5 95.57
999.000 193.3 95.59
1000.000 193.2 95.61
1001.000 193.0 95.58
1002.000 192.7 95.54
1003.000 192.7 95.61
1004.000 192.7 95.58
1005.000 192.6 95.52
1006.000 192.5 95.55
1007.000 192.1 95.53
1008.000 191.8 95.53
1009.000 191.7 95.49
1010.000 191.4 95.49
1011.000 191.1 95.50
1012.000 191.0 95.48
1013.000 190.9 95.47
1014.000 190.6 95.45
1015.000 190.6 95.43
1016.000 190.4 95.34
1017.000 190.3 95.49
1018.000 189.8 95.44
1019.000 189.7 95.44
1020.000 189.4 95.49
1021.000 189.3 95.51
1022.000 188.9 95.41
1023.000 188.8 95.45
1024.000 188.7 95.43
1025.000 188.5 95.42
1026.000 188.4 95.49
1027.000 187.8 95.47
1028.000 187.6 95.45
1029.000 187.4 95.44
1030.000 187.3 95.39
1031.000 186.9 95.41
1032.000 186.7 95.33
1033.000 186.4 95.40
1034.000 185.9 95.33
1035.000 185.6 95.31
1036.000 185.6 95.40
1037.000 185.4 95.40
1038.000 184.9 95.39
1039.000 184.8 95.37
1040.000 184.5 95.36
1041.000 184.6 95.36
1042.000 184.3 95.40
1043.000 183.6 95.39
1044.000 183.5 95.32
1045.000 183.3 95.36
1046.000 182.9 95.36
1047.000 182.6 95.34
1048.000 182.3 95.38
1049.000 182.0 95.37
1050.000 181.8 95.35
1051.000 181.4 95.36
1052.000 181.1 95.32
1053.000 180.9 95.34
1054.000 180.6 95.33
1055.000 180.3 95.40
1056.000 179.9 95.36
1057.000 179.7 95.32
1058.000 179.3 95.37
1059.000 179.0 95.33
1060.000 178.7 95.30
1061.000 178.7 95.37
1062.000 178.6 95.31
1063.000 178.5 95.28
1064.000 178.3 95.28
1065.000 177.8 95.28
1066.000 177.2 95.22
1067.000 176.9 95.23
1068.000 176.7 95.15
1069.000 176.6 95.26
1070.000 176.4 95.15
1071.000 175.8 95.11
1072.000 175.4 95.08
1073.000 175.0 95.16
1074.000 174.8 95.16
1075.000 174.7 95.13
1076.000 174.6 95.13
1077.000 174.2 95.16
1078.000 173.6 95.16
1079.000 173.4 95.17
1080.000 173.0 95.11
1081.000 172.8 95.13
1082.000 172.4 95.10
1083.000 172.5 95.15
1084.000 172.1 95.16
1085.000 171.8 95.10
1086.000 171.5 95.07
1087.000 171.4 95.14
1088.000 171.0 95.09
1089.000 170.8 95.11
1090.000 170.6 95.03
1091.000 170.5 95.03
1092.000 170.2 95.09
1093.000 169.6 95.01
1094.000 169.3 95.09
1095.000 169.1 95.09
1096.000 168.9 95.09
1097.000 168.6 95.11
1098.000 168.7 95.09
1099.000 168.5 95.12
1100.000 168.4 95.16
1101.000 167.7 95.09
1102.000 167.6 95.08
1103.000 167.4 95.18
1104.000 167.0 95.02
1105.000 166.9 95.02
1106.000 166.8 94.98
1107.000 166.4 94.94
1108.000 166.5 94.91
1109.000 166.3 95.05
1110.000 166.1 95.02
1111.000 165.8 94.96
1112.000 165.7 94.94
1113.000 165.3 95.05
1114.000 165.1 95.07
1115.000 165.0 95.07
1116.000 164.8 95.03
1117.000 164.8 95.03
1118.000 164.6 94.99
1119.000 164.5 95.03
1120.000 164.5 95.01
1121.000 164.4 95.01
1122.000 164.2 95.13
1123.000 163.9 95.05
1124.000 163.8 95.08
1125.000 163.6 95.03
1126.000 163.5 95.05
1127.000 163.3 95.08
1128.000 163.1 95.06
1129.000 162.9 95.04
1130.000 162.9 95.03
1131.000 162.8 95.08
1132.000 162.8 95.06
1133.000 162.8 94.99
1134.000 162.7 95.03
1135.000 162.6 95.00
1136.000 162.6 95.05
1137.000 162.6 95.05
1138.000 162.4 95.12
1139.000 162.1 95.08
1140.000 162.0 95.04
1141.000 161.9 94.98
1142.000 161.9 95.04
1143.000 161.9 95.01
1144.000 161.8 95.02
1145.000 161.8 95.04
1146.000 161.7 95.04
1147.000 161.7 95.06
1148.000 161.7 95.03
1149.000 161.7 95.03
1150.000 161.7 95.03
1151.000 161.7 95.02
1152.000 161.7 94.97
1153.000 161.7 94.95
1154.000 161.6 94.98
1155.000 161.6 94.99
1156.000 161.6 94.95
1157.000 161.7 95.00
1158.000 161.7 95.00
1159.000 161.7 94.99
1160.000 161.6 94.99
1161.000 161.7 94.99
1162.000 161.7 95.00
1163.000 161.7 95.01
1164.000 161.8 95.02
1165.000 161.8 95.04
1166.000 161.8 95.02
1167.000 161.8 95.04
1168.000 161.9 95.02
1169.000 161.9 95.04
1170.000 162.0 95.08
1171.000 162.0 95.04
1172.000 162.0 95.04
1173.000 162.1 95.09
1174.000 162.1 95.06
1175.000 162.2 95.10
1176.000 162.3 95.00
1177.000 162.3 95.11
1178.000 162.4 95.07
1179.000 162.4 94.96
1180.000 162.7 95.05
1181.000 162.9 95.06
1182.000 163.1 95.11
1183.000 163.0 95.07
1184.000 163.1 95.10
1185.000 163.3 95.12
1186.000 163.3 95.11
1187.000 163.4 95.14
1188.000 163.6 95.09
1189.000 163.9 95.07
1190.000 164.0 95.07
1191.000 164.2 95.12
1192.000 164.4 95.12
1193.000 164.4 95.08
1194.000 164.5 95.02
1195.000 164.8 95.07
1196.000 165.1 95.06
1197.000 165.1 95.05
1198.000 165.2 95.06
1199.000 165.4 95.03
1200.000 165.6 94.97
1201.000 165.9 94.97
1202.000 166.0 94.96
1203.000 166.4 94.90
1204.000 166.6 94.95
1205.000 166.9 94.99
1206.000 167.0 95.00
1207.000 167.1 95.09
1208.000 167.3 95.12
1209.000 167.4 95.11
1210.000 167.4 95.02
1211.000 167.9 95.08
1212.000 168.2 95.12
1213.000 168.3 95.17
1214.000 168.6 95.05
1215.000 168.8 95.08
1216.000 169.1 95.11
1217.000 169.3 95.13
1218.000 169.3 95.11
1219.000 169.7 95.07
1220.000 170.0 95.07
1221.000 170.2 95.12
1222.000 170.5 95.04
1223.000 170.8 95.12
1224.000 171.1 95.14
1225.000 171.2 95.09
1226.000 171.5 95.02
1227.000 171.8 95.07
1228.000 172.1 95.06
1229.000 172.4 95.05
1230.000 172.7 95.13
1231.000 172.9 95.13
1232.000 173.1 95.15
1233.000 173.2 95.15
1234.000 173.4 95.24
1235.000 173.8 95.14
1236.000 174.3 95.18
1237.000 174.6 95.12
1238.000 175.0 95.08
1239.000 175.3 95.22
1240.000 175.4 95.19
1241.000 175.6 95.10
1242.000 176.1 95.21
1243.000 176.6 95.21
1244.000 176.8 95.16
1245.000 177.0 95.20
1246.000 177.1 95.24
1247.000 177.3 95.24
1248.000 177.5 95.33
1249.000 177.9 95.33
1250.000 178.1 95.34
1251.000 178.5 95.33
1252.000 178.9 95.23
1253.000 179.0 95.24
1254.000 179.1 95.29
1255.000 179.2 95.31
1256.000 179.4 95.31
1257.000 179.9 95.28
1258.000 180.2 95.36
1259.000 180.5 95.29
1260.000 180.8 95.35
1261.000 181.0 95.35
1262.000 181.3 95.34
1263.000 181.3 95.34
1264.000 181.4 95.31
1265.000 181.6 95.25
1266.000 182.5 95.28
1267.000 182.7 95.32
1268.000 182.9 95.29
1269.000 183.2 95.36
1270.000 183.2 95.36
1271.000 183.4 95.44
1272.000 183.7 95.46
1273.000 184.1 95.42
1274.000 184.5 95.40
1275.000 185.0 95.39
1276.000 184.9 95.40
1277.000 185.2 95.44
1278.000 185.3 95.43
1279.000 185.5 95.39
1280.000 185.8 95.33
1281.000 186.2 95.41
1282.000 186.4 95.32
1283.000 186.7 95.36
1284.000 187.0 95.41
1285.000 187.0 95.37
1286.000 187.2 95.39
1287.000 187.4 95.49
1288.000 187.5 95.35
1289.000 187.9 95.50
1290.000 188.1 95.47
1291.000 188.5 95.43
1292.000 188.7 95.42
1293.000 188.9 95.35
1294.000 189.0 95.56
1295.000 189.1 95.41
1296.000 189.2 95.45
1297.000 189.3 95.51
1298.000 189.7 95.30
1299.000 190.1 95.55
1300.000 190.3 95.50
1301.000 190.3 95.53
1302.000 190.6 95.41
1303.000 190.9 95.45
1304.000 191.0 95.57
1305.000 191.1 95.47
1306.000 191.2 95.54
1307.000 191.3 95.63
1308.000 191.4 95.45
1309.000 191.8 95.56
1310.000 192.0 95.66
1311.000 192.2 95.61
1312.000 192.4 95.67
1313.000 192.3 95.67
1314.000 192.5 95.58
1315.000 192.7 95.61
1316.000 192.9 95.54
1317.000 193.1 95.65
1318.000 193.0 95.55
1319.000 193.2 95.55
1320.000 193.1 95.64
1321.000 193.3 95.64
1322.000 193.3 95.72
1323.000 193.4 95.63
1324.000 193.6 95.58
1325.000 194.0 95.65
1326.000 194.0 95.58
1327.000 194.2 95.60
1328.000 194.5 95.48
1329.000 194.7 95.53
1330.000 194.7 95.50
1331.000 194.8 95.52
1332.000 194.8 95.62
1333.000 194.9 95.58
1334.000 194.9 95.62
1335.000 195.0 95.62
1336.000 195.0 95.60
1337.000 195.0 95.60
1338.000 195.1 95.59
1339.000 195.0 95.59
1340.000 195.1 95.61
1341.000 195.1 95.57
1342.000 195.2 95.58
1343.000 195.2 95.61
1344.000 195.2 95.58
1345.000 195.2 95.62
1346.000 195.3 95.66
1347.000 195.3 95.61
1348.000 195.2 95.61
1349.000 195.3 95.57
1350.000 195.3 95.60
1351.000 195.2 95.54
1352.000 195.2 95.56
1353.000 195.3 95.58
1354.000 195.3 95.59
1355.000 195.3 95.58
1356.000 195.3 95.60
1357.000 195.3 95.59
1358.000 195.3 95.60
1359.000 195.3 95.61
1360.000 195.3 95.61
1361.000 195.2 95.61
1362.000 195.3 95.53
1363.000 195.2 95.59
1364.000 195.2 95.55
1365.000 195.2 95.57
1366.000 195.2 95.58
1367.000 195.2 95.58
1368.000 195.0 95.63
1369.000 195.1 95.58
1370.000 195.1 95.59
1371.000 195.1 95.59
1372.000 195.0 95.55
1373.000 195.0 95.58
1374.000 194.9 95.52
1375.000 194.9 95.57
1376.000 194.8 95.59
1377.000 194.8 95.42
1378.000 194.7 95.55
1379.000 194.7 95.53
1380.000 194.5 95.48
1381.000 194.4 95.58
1382.000 194.3 95.51
1383.000 194.0 95.62
1384.000 194.1 95.56
1385.000 193.7 95.46
1386.000 193.7 95.65
1387.000 193.8 95.46
1388.000 193.7 95.54
1389.000 193.5 95.51
1390.000 193.4 95.62
1391.000 193.1 95.61
1392.000 193.0 95.47
1393.000 192.9 95.58
1394.000 192.9 95.56
1395.000 192.6 95.57
1396.000 192.5 95.57
1397.000 192.5 95.58
1398.000 192.5 95.57
1399.000 192.2 95.64
1400.000 191.9 95.52
1401.000 191.7 95.57
1402.000 191.5 95.45
1403.000 191.4 95.66
1404.000 191.1 95.54
1405.000 191.0 95.59
1406.000 190.7 95.47
1407.000 190.7 95.54
1408.000 190.6 95.39
1409.000 190.5 95.44
1410.000 190.4 95.47
1411.000 190.0 95.41
1412.000 189.8 95.47
1413.000 189.7 95.50
1414.000 189.4 95.50
1415.000 189.0 95.47
1416.000 188.9 95.49
1417.000 188.7 95.52
1418.000 188.7 95.51
1419.000 188.6 95.46
1420.000 188.4 95.50
1421.000 187.9 95.52
1422.000 187.9 95.47
1423.000 187.6 95.44
1424.000 187.6 95.43
1425.000 187.3 95.45
1426.000 187.0 95.47
1427.000 186.9 95.44
1428.000 186.7 95.44
1429.000 186.6 95.48
1430.000 186.6 95.40
1431.000 186.1 95.51
1432.000 185.8 95.42
1433.000 185.4 95.46
1434.000 185.4 95.49
1435.000 185.1 95.42
1436.000 184.8 95.42
1437.000 184.6 95.38
1438.000 184.6 95.34
1439.000 184.6 95.37
1440.000 184.2 95.38
1441.000 183.9 95.43
1442.000 183.6 95.46
1443.000 183.3 95.43
1444.000 183.0 95.38
1445.000 182.9 95.39
1446.000 182.8 95.31
1447.000 182.7 95.34
1448.000 182.5 95.34
1449.000 182.4 95.39
1450.000 181.8 95.28
1451.000 181.5 95.33
1452.000 181.4 95.32
1453.000 181.0 95.30
1454.000 180.9 95.35
1455.000 180.7 95.34
1456.000 180.5 95.31
1457.000 180.6 95.34
1458.000 180.5 95.29
1459.000 179.9 95.32
1460.000 179.7 95.37
1461.000 179.4 95.34
1462.000 178.9 95.28
1463.000 178.9 95.28
1464.000 178.8 95.30
1465.000 178.7 95.19
1466.000 178.6 95.23
1467.000 178.4 95.34
1468.000 177.9 95.30
1469.000 177.7 95.22
1470.000 177.5 95.25
1471.000 177.2 95.23
1472.000 177.0 95.27
1473.000 176.8 95.18
1474.000 176.7 95.25
1475.000 176.7 95.15
1476.000 176.5 95.16
1477.000 176.2 95.19
1478.000 175.8 95.11
1479.000 175.4 95.20
1480.000 175.2 95.15
1481.000 174.9 95.11
1482.000 174.8 95.10
1483.000 174.7 95.14
1484.000 174.6 95.16
1485.000 174.5 95.17
1486.000 174.3 95.11
1487.000 173.8 95.18
1488.000 173.5 95.20
1489.000 173.5 95.18
1490.000 173.3 95.22
1491.000 173.0 95.12
1492.000 172.9 95.15
1493.000 172.8 95.18
1494.000 172.7 95.12
1495.000 172.5 95.11
1496.000 172.5 95.08
1497.000 172.2 95.20
1498.000 171.8 95.13
1499.000 171.7 95.14
1500.000 171.5 95.04
1501.000 171.5 95.08
1502.000 171.4 95.09
1503.000 171.3 95.16
1504.000 171.0 95.08
1505.000 170.9 95.12
1506.000 170.8 95.10
1507.000 170.8 95.08
1508.000 170.5 95.11
1509.000 170.5 95.03
1510.000 170.5 95.05
1511.000 170.4 95.03
1512.000 170.0 95.02
1513.000 169.8 95.05
1514.000 169.7 95.01
1515.000 169.5 95.03
1516.000 169.5 95.04
1517.000 169.4 95.07
1518.000 169.1 95.07
1519.000 169.0 95.04
1520.000 168.9 95.13
1521.000 168.9 95.05
1522.000 168.8 95.11
1523.000 168.8 95.07
1524.000 168.6 95.11
1525.000 168.6 95.10
1526.000 168.6 95.08
1527.000 168.6 95.06
1528.000 168.6 95.08
1529.000 168.5 95.04
1530.000 168.5 95.09
1531.000 168.4 95.06
1532.000 168.4 95.06
1533.000 168.4 95.11
1534.000 168.0 95.12
1535.000 167.9 95.11
1536.000 167.8 95.05
1537.000 167.8 95.05
1538.000 167.8 95.06
1539.000 167.8 95.08
1540.000 167.8 95.08
1541.000 167.7 95.05
1542.000 167.7 95.03
1543.000 167.7 95.05
1544.000 167.7 95.03
1545.000 167.7 95.04
1546.000 167.7 95.04
1547.000 167.7 95.03
1548.000 167.7 95.07
1549.000 167.7 95.05
1550.000 167.7 95.02
1551.000 167.7 95.04
1552.000 167.7 95.04
1553.000 167.7 95.01
1554.000 167.7 95.03
1555.000 167.7 95.04
1556.000 167.7 95.05
1557.000 167.7 95.03
1558.000 167.7 95.06
1559.000 167.8 95.05
1560.000 167.8 95.03
1561.000 167.8 95.06
1562.000 167.8 95.06
1563.000 167.8 95.08
1564.000 167.9 95.10
1565.000 168.0 95.09
1566.000 168.0 95.09
1567.000 168.1 95.13
1568.000 168.1 95.15
1569.000 168.2 95.12
1570.000 168.2 95.11
1571.000 168.2 95.13
1572.000 168.4 95.06
1573.000 168.7 95.06
1574.000 168.8 95.16
1575.000 168.8 95.08
1576.000 168.8 95.10
1577.000 168.9 95.09
1578.000 169.0 95.10
1579.000 169.0 95.06
1580.000 169.1 95.03
1581.000 169.2 95.03
1582.000 169.2 95.02
1583.000 169.3 95.06
1584.000 169.4 95.15
1585.000 169.4 94.99
1586.000 169.9 95.03
1587.000 170.0 95.07
1588.000 170.1 95.08
1589.000 170.2 95.12
1590.000 170.3 95.12
1591.000 170.4 95.17
1592.000 170.6 95.07
1593.000 170.9 95.14
1594.000 171.0 95.12
1595.000 171.1 95.13
1596.000 171.1 95.06
1597.000 171.2 95.13
1598.000 171.3 95.12
1599.000 171.3 95.15
1600.000 171.4 95.14
1601.000 171.8 95.06
1602.000 172.1 95.10
1603.000 172.4 95.21
1604.000 172.4 95.17
1605.000 172.6 95.11
1606.000 172.9 95.15
1607.000 173.0 95.15
1608.000 173.1 95.17
1609.000 173.2 95.16
1610.000 173.4 95.16
1611.000 173.5 95.11
1612.000 174.0 95.16
1613.000 174.4 95.21
1614.000 174.8 95.16
1615.000 174.9 95.13
1616.000 175.1 95.11
1617.000 175.1 95.14
1618.000 175.3 95.16
1619.000 175.5 95.14
1620.000 175.8 95.13
1621.000 176.1 95.11
1622.000 176.4 95.22
1623.000 176.5 95.17
1624.000 176.9 95.27
1625.000 177.0 95.21
1626.000 177.0 95.28
1627.000 177.0 95.24
1628.000 177.2 95.23
1629.000 177.3 95.28
1630.000 177.4 95.30
1631.000 177.6 95.30
1632.000 178.2 95.41
1633.000 178.3 95.32
1634.000 178.5 95.29
1635.000 178.8 95.36
1636.000 178.9 95.33
1637.000 179.0 95.31
1638.000 179.1 95.33
1639.000 179.2 95.37
1640.000 179.4 95.36
1641.000 179.5 95.38
1642.000 180.0 95.35
1643.000 180.4 95.36
1644.000 180.4 95.37
1645.000 180.6 95.36
1646.000 181.0 95.33
1647.000 181.2 95.34
1648.000 181.2 95.36
1649.000 181.3 95.38
1650.000 181.4 95.41
1651.000 181.4 95.42
1652.000 181.6 95.35
1653.000 182.2 95.36
1654.000 182.4 95.34
1655.000 182.8 95.40
1656.000 183.1 95.44
1657.000 183.1 95.42
1658.000 183.3 95.45
1659.000 183.4 95.45
1660.000 183.3 95.44
1661.000 183.6 95.40
1662.000 184.1 95.35
1663.000 184.3 95.36
1664.000 184.4 95.40
1665.000 184.5 95.37
1666.000 184.8 95.36
1667.000 185.0 95.41
1668.000 185.1 95.47
1669.000 185.1 95.47
1670.000 185.4 95.51
1671.000 185.4 95.50
1672.000 185.4 95.40
1673.000 186.3 95.46
1674.000 186.3 95.48
1675.000 186.4 95.51
1676.000 186.6 95.42
1677.000 186.8 95.38
1678.000 187.0 95.42
1679.000 187.2 95.39
1680.000 187.2 95.41
1681.000 187.2 95.46
1682.000 187.2 95.43
1683.000 187.4 95.40
1684.000 187.9 95.42
1685.000 188.0 95.43
1686.000 188.1 95.47
1687.000 188.4 95.47
1688.000 188.5 95.50
1689.000 188.7 95.43
1690.000 188.9 95.38
1691.000 188.9 95.42
1692.000 189.0 95.42
1693.000 189.1 95.49
1694.000 189.1 95.50
1695.000 189.2 95.52
1696.000 189.3 95.54
1697.000 189.3 95.54
1698.000 189.3 95.49
1699.000 189.5 95.43
1700.000 189.8 95.49
1701.000 189.9 95.42
1702.000 190.0 95.45
1703.000 190.1 95.42
1704.000 190.3 95.49
1705.000 190.2 95.51
1706.000 190.4 95.51
1707.000 190.4 95.39
1708.000 190.8 95.54
1709.000 190.9 95.45
1710.000 190.9 95.45
1711.000 191.0 95.56
1712.000 191.0 95.56
1713.000 191.0 95.51
1714.000 191.1 95.51
1715.000 191.2 95.58
1716.000 191.2 95.59
1717.000 191.1 95.59
1718.000 191.2 95.63
1719.000 191.2 95.53
1720.000 191.3 95.61
1721.000 191.3 95.60
1722.000 191.3 95.53
1723.000 191.4 95.59
1724.000 191.4 95.60
1725.000 191.4 95.63
1726.000 191.4 95.64
1727.000 191.4 95.63
1728.000 191.6 95.54
1729.000 191.8 95.49
1730.000 191.9 95.55
1731.000 191.9 95.56
1732.000 191.9 95.57
1733.000 192.0 95.60
1734.000 191.9 95.55
1735.000 191.9 95.55
1736.000 191.9 95.57
1737.000 192.0 95.56
1738.000 192.0 95.55
1739.000 191.9 95.56
1740.000 191.9 95.56
1741.000 191.9 95.55
1742.000 191.9 95.50
1743.000 191.9 95.50
1744.000 191.9 95.55
1745.000 191.8 95.53
1746.000 191.8 95.51
1747.000 191.8 95.51
1748.000 191.7 95.48
1749.000 191.8 95.57
1750.000 191.7 95.52
1751.000 191.7 95.52
1752.000 191.5 95.48
1753.000 191.6 95.50
1754.000 191.5 95.52
1755.000 191.6 95.52
1756.000 191.4 95.50
1757.000 191.4 95.53
1758.000 191.4 95.53
1759.000 191.0 95.55
1760.000 190.9 95.46
1761.000 190.9 95.49
1762.000 190.8 95.57
1763.000 190.7 95.48
1764.000 190.7 95.56
1765.000 190.7 95.52
1766.000 190.7 95.50
1767.000 190.6 95.55
1768.000 190.6 95.44
1769.000 190.5 95.49
1770.000 190.5 95.43
1771.000 190.4 95.59
1772.000 190.0 95.54
1773.000 189.9 95.48
1774.000 189.7 95.48
1775.000 189.7 95.49
1776.000 189.4 95.36
1777.000 189.4 95.53
1778.000 189.1 95.48
1779.000 189.0 95.47
1780.000 188.9 95.45
1781.000 188.8 95.41
1782.000 188.7 95.42
1783.000 188.5 95.39
1784.000 188.5 95.40
1785.000 188.6 95.43
1786.000 188.3 95.46
1787.000 187.9 95.46
1788.000 187.7 95.37
1789.000 187.6 95.40
1790.000 187.6 95.36
1791.000 187.5 95.43
1792.000 187.4 95.42
1793.000 187.1 95.43
1794.000 186.9 95.37
1795.000 186.8 95.39
1796.000 186.6 95.37
1797.000 186.5 95.38
1798.000 186.5 95.38
1799.000 186.4 95.42
1800.000 185.8 95.33
1801.000 185.7 95.32
1802.000 185.6 95.39
1803.000 185.4 95.36
1804.000 185.0 95.40
1805.000 184.9 95.41
1806.000 184.8 95.37
1807.000 184.7 95.38
1808.000 184.6 95.39
1809.000 184.5 95.36
1810.000 184.2 95.42
1811.000 183.8 95.36
1812.000 183.6 95.39
1813.000 183.5 95.37
1814.000 183.4 95.31
1815.000 183.2 95.40
1816.000 182.9 95.30
1817.000 182.7 95.37
1818.000 182.7 95.32
1819.000 182.4 95.42
1820.000 182.0 95.41
1821.000 181.7 95.33
1822.000 181.4 95.44
1823.000 181.2 95.39
1824.000 180.9 95.36
1825.000 180.9 95.44
1826.000 180.8 95.39
1827.000 180.7 95.34
1828.000 180.4 95.34
1829.000 180.5 95.36
1830.000 180.2 95.37
1831.000 179.8 95.31
1832.000 179.4 95.36
1833.000 179.5 95.29
1834.000 179.2 95.31
1835.000 178.9 95.36
1836.000 178.9 95.28
1837.000 178.7 95.29
1838.000 178.7 95.30
1839.000 178.6 95.27
1840.000 178.5 95.29
1841.000 178.4 95.25
1842.000 178.0 95.34
1843.000 177.6 95.28
1844.000 177.4 95.28
1845.000 176.9 95.26
1846.000 176.9 95.18
1847.000 176.7 95.17
1848.000 176.7 95.17
1849.000 176.5 95.08
1850.000 176.3 95.27
1851.000 175.9 95.11
1852.000 175.6 95.15
1853.000 175.4 95.20
1854.000 175.0 95.10
1855.000 175.0 95.16
1856.000 174.8 95.10
1857.000 174.7 95.10
1858.000 174.7 95.19
1859.000 174.5 95.07
1860.000 174.2 95.21
1861.000 173.8 95.14
1862.000 173.7 95.11
1863.000 173.5 95.08
1864.000 173.3 95.21
1865.000 173.1 95.15
1866.000 172.8 95.12
1867.000 172.7 95.11
1868.000 172.7 95.09
1869.000 172.6 95.12
1870.000 172.5 95.10
1871.000 172.4 95.15
1872.000 171.8 95.09
1873.000 171.8 95.13
1874.000 171.7 95.08
1875.000 171.6 95.09
1876.000 171.4 95.12
1877.000 171.1 95.16
1878.000 171.0 95.14
1879.000 170.9 95.11
1880.000 170.9 95.08
1881.000 170.8 95.11
1882.000 170.7 95.08
1883.000 170.6 95.07
1884.000 170.4 94.99
1885.000 170.4 95.13
1886.000 169.9 95.05
1887.000 169.9 95.05
1888.000 169.7 95.05
1889.000 169.6 94.97
1890.000 169.5 95.01
1891.000 169.5 95.00
1892.000 169.4 95.00
1893.000 169.4 95.10
1894.000 169.1 95.07
1895.000 169.0 95.09
1896.000 168.8 95.08
1897.000 168.8 95.06
1898.000 168.8 95.09
1899.000 168.7 95.06
1900.000 168.6 95.05
1901.000 168.6 95.09
1902.000 168.6 95.08
1903.000 168.6 95.08
1904.000 168.5 95.07
1905.000 168.5 95.10
1906.000 168.3 95.14
1907.000 168.0 95.10
1908.000 167.8 95.07
1909.000 167.8 95.09
1910.000 167.8 95.02
1911.000 167.8 95.09
1912.000 167.7 95.01
1913.000 167.7 95.06
1914.000 167.7 95.03
1915.000 167.7 95.05
1916.000 167.6 95.07
1917.000 167.6 95.03
1918.000 167.6 95.05
1919.000 167.6 95.03
1920.000 167.5 94.97
1921.000 167.5 95.00
1922.000 167.5 95.00
1923.000 167.5 95.05
1924.000 167.5 94.99
1925.000 167.5 95.02
1926.000 167.5 95.03
1927.000 167.5 95.03
1928.000 167.5 95.03
1929.000 167.5 95.03
1930.000 167.5 95.01
1931.000 167.5 95.03
1932.000 167.4 95.02
1933.000 167.5 95.05
1934.000 167.6 95.04
1935.000 167.6 95.03
1936.000 167.6 95.06
1937.000 167.6 95.02
1938.000 167.6 95.05
1939.000 167.6 95.04
1940.000 167.6 95.04
1941.000 167.7 95.08
1942.000 167.7 95.05
1943.000 167.8 95.11
1944.000 167.9 95.06
1945.000 167.8 95.07
1946.000 167.9 95.12
1947.000 167.9 95.07
1948.000 168.0 95.07
1949.000 168.1 95.12
1950.000 168.1 95.07
1951.000 168.1 95.15
1952.000 168.2 95.14
1953.000 168.3 95.10
1954.000 168.3 95.18
1955.000 168.3 95.12
1956.000 168.6 95.01
1957.000 168.8 95.04
1958.000 168.9 95.05
1959.000 168.9 95.10
1960.000 169.0 95.09
1961.000 169.0 95.05
1962.000 169.1 95.10
1963.000 169.1 95.03
1964.000 169.3 95.07
1965.000 169.3 95.08
1966.000 169.4 95.06
1967.000 169.5 95.03
1968.000 170.0 95.03
1969.000 170.1 95.12
1970.000 170.2 95.13
1971.000 170.3 95.09
1972.000 170.4 95.12
1973.000 170.4 95.09
1974.000 170.8 95.10
1975.000 170.9 95.11
1976.000 171.1 95.13
1977.000 171.2 95.13
1978.000 171.3 95.10
1979.000 171.3 95.11
1980.000 171.4 95.08
1981.000 171.4 95.11
1982.000 171.9 95.17
1983.000 172.1 95.14
1984.000 172.4 95.19
