 Masse A  
t x y 
0.000 -46.55 72.24
1.000 -46.47 72.47
2.000 -46.61 72.29
3.000 -46.63 72.38
4.000 -46.63 72.42
5.000 -46.75 72.17
6.000 -46.68 72.40
7.000 -46.74 72.22
8.000 -46.79 72.25
9.000 -46.77 72.29
10.000 -46.81 72.17
11.000 -46.75 72.38
12.000 -46.89 72.24
13.000 -46.85 72.23
14.000 -46.78 72.34
15.000 -46.87 72.12
16.000 -46.82 72.33
17.000 -46.86 72.17
18.000 -46.88 72.20
19.000 -46.86 72.27
20.000 -46.83 72.19
21.000 -46.78 72.33
22.000 -46.78 72.24
23.000 -46.75 72.25
24.000 -46.67 72.46
25.000 -46.71 72.04
26.000 -46.64 72.33
27.000 -46.71 72.24
28.000 -46.66 72.24
29.000 -46.59 72.35
30.000 -46.67 72.09
31.000 -46.50 72.46
32.000 -46.52 72.33
33.000 -46.53 72.22
34.000 -46.39 72.42
35.000 -46.43 72.10
36.000 -46.35 72.27
37.000 -46.29 72.35
38.000 -46.37 72.26
39.000 -46.26 72.55
40.000 -46.29 72.13
41.000 -46.19 72.52
42.000 -46.11 72.43
43.000 -46.10 72.31
44.000 -45.98 72.33
45.000 -45.60 72.09
46.000 -45.35 72.40
47.000 -45.35 72.39
48.000 -45.09 72.22
49.000 -45.06 72.59
50.000 -44.92 72.30
51.000 -44.48 72.34
52.000 -44.17 72.43
53.000 -44.16 72.26
54.000 -44.08 72.47
55.000 -44.07 72.32
56.000 -44.06 72.31
57.000 -43.98 72.31
58.000 -43.65 72.08
59.000 -43.46 72.47
60.000 -43.36 72.30
61.000 -43.20 72.25
62.000 -42.82 72.36
63.000 -42.58 72.03
64.000 -42.18 72.37
65.000 -42.26 72.18
66.000 -42.18 72.21
67.000 -42.05 72.33
68.000 -42.00 72.08
69.000 -41.65 72.21
70.000 -41.54 72.17
71.000 -41.19 72.24
72.000 -41.02 72.25
73.000 -40.71 72.13
74.000 -40.53 72.27
75.000 -40.45 72.21
76.000 -40.33 72.25
77.000 -40.07 72.39
78.000 -40.12 72.13
79.000 -39.84 72.20
80.000 -39.57 72.26
81.000 -39.34 72.18
82.000 -38.85 72.29
83.000 -38.62 72.18
84.000 -38.40 72.26
85.000 -38.14 72.38
86.000 -38.20 72.27
87.000 -37.87 72.28
88.000 -37.63 72.21
89.000 -37.47 72.27
90.000 -37.25 72.36
91.000 -37.17 72.34
92.000 -37.00 72.43
93.000 -36.59 72.11
94.000 -36.28 72.24
95.000 -36.20 72.35
96.000 -36.04 72.07
97.000 -35.57 72.34
98.000 -35.51 72.25
99.000 -35.20 72.37
100.000 -34.97 72.28
101.000 -34.72 72.18
102.000 -34.43 72.35
103.000 -34.38 72.20
104.000 -33.99 72.27
105.000 -33.55 72.30
106.000 -33.50 72.16
107.000 -33.26 72.35
108.000 -33.07 72.28
109.000 -33.03 72.10
110.000 -32.60 72.42
111.000 -32.37 72.11
112.000 -32.06 72.44
113.000 -31.91 72.20
114.000 -31.55 72.29
115.000 -31.27 72.38
116.000 -31.15 72.36
117.000 -30.96 72.33
118.000 -30.70 72.27
119.000 -30.57 72.26
120.000 -30.19 72.57
121.000 -30.18 72.29
122.000 -29.80 72.39
123.000 -29.58 72.39
124.000 -29.42 72.31
125.000 -29.29 72.41
126.000 -29.20 72.29
127.000 -28.96 72.25
128.000 -28.63 72.19
129.000 -28.53 72.17
130.000 -28.17 72.31
131.000 -28.09 72.24
132.000 -28.00 72.35
133.000 -27.68 72.35
134.000 -27.55 72.24
135.000 -27.45 72.29
136.000 -27.28 72.19
137.000 -26.90 72.16
138.000 -26.68 72.20
139.000 -26.50 72.22
140.000 -26.20 72.41
141.000 -26.19 72.35
142.000 -25.92 72.24
143.000 -25.68 72.34
144.000 -25.50 72.23
145.000 -25.35 72.39
146.000 -25.25 72.34
147.000 -25.20 72.34
148.000 -24.91 72.18
149.000 -24.63 72.14
150.000 -24.51 72.30
151.000 -24.44 72.19
152.000 -24.36 72.23
153.000 -24.34 72.32
154.000 -24.32 72.26
155.000 -23.95 72.36
156.000 -23.74 72.35
157.000 -23.67 72.30
158.000 -23.52 72.39
159.000 -23.44 72.13
160.000 -23.25 72.49
161.000 -23.12 72.34
162.000 -23.12 72.34
163.000 -23.02 72.30
164.000 -22.69 72.24
165.000 -22.56 72.35
166.000 -22.54 72.31
167.000 -22.54 72.33
168.000 -22.43 72.50
169.000 -22.39 72.10
170.000 -22.30 72.33
171.000 -22.27 72.24
172.000 -22.21 72.15
173.000 -22.12 72.40
174.000 -22.16 72.17
175.000 -21.99 72.25
176.000 -21.74 72.22
177.000 -21.68 72.15
178.000 -21.57 72.28
179.000 -21.52 72.17
180.000 -21.46 72.22
181.000 -21.44 72.31
182.000 -21.45 72.20
183.000 -21.44 72.34
184.000 -21.45 72.22
185.000 -21.44 72.27
186.000 -21.46 72.31
187.000 -21.45 72.20
188.000 -21.41 72.33
189.000 -21.49 72.21
190.000 -21.43 72.25
191.000 -21.42 72.35
192.000 -21.49 72.10
193.000 -21.39 72.44
194.000 -21.49 72.26
195.000 -21.47 72.24
196.000 -21.44 72.30
197.000 -21.54 72.00
198.000 -21.50 72.48
199.000 -21.54 72.17
200.000 -21.60 72.19
201.000 -21.62 72.31
202.000 -21.75 72.15
203.000 -21.72 72.32
204.000 -21.93 72.24
205.000 -21.86 72.11
206.000 -21.91 72.48
207.000 -22.03 72.01
208.000 -22.02 72.44
209.000 -22.13 72.35
210.000 -22.47 72.34
211.000 -22.49 72.37
212.000 -22.61 72.29
213.000 -22.60 72.36
214.000 -22.71 72.25
215.000 -22.77 72.23
216.000 -22.96 72.32
217.000 -22.93 72.19
218.000 -23.02 72.25
219.000 -23.10 72.39
220.000 -23.58 72.28
221.000 -24.00 72.38
222.000 -23.96 72.13
223.000 -24.01 72.30
224.000 -24.06 72.27
225.000 -24.37 72.20
226.000 -24.46 72.25
227.000 -24.59 72.12
228.000 -24.83 72.17
229.000 -24.86 72.22
230.000 -24.97 72.11
231.000 -25.18 72.51
232.000 -25.55 72.32
233.000 -25.71 72.32
234.000 -25.78 72.33
235.000 -26.21 72.29
236.000 -26.56 72.36
237.000 -26.62 72.25
238.000 -26.86 72.17
239.000 -26.83 72.15
240.000 -27.09 72.22
241.000 -27.50 72.31
242.000 -27.63 72.25
243.000 -27.90 72.27
244.000 -27.94 72.31
245.000 -28.22 72.05
246.000 -28.46 72.21
247.000 -28.70 72.20
248.000 -28.95 72.23
249.000 -28.92 72.25
250.000 -28.96 72.14
251.000 -29.00 72.28
252.000 -29.30 72.37
253.000 -29.86 72.18
254.000 -30.06 72.51
255.000 -30.72 72.08
256.000 -30.82 72.34
257.000 -30.88 72.33
258.000 -31.02 72.21
259.000 -31.13 72.48
260.000 -31.65 72.17
261.000 -31.98 72.16
262.000 -32.22 72.31
263.000 -32.64 72.18
264.000 -32.85 72.38
265.000 -33.21 72.16
266.000 -33.41 72.30
267.000 -33.78 72.30
268.000 -33.97 72.18
269.000 -34.20 72.42
270.000 -34.73 72.21
271.000 -34.78 72.24
272.000 -34.85 72.25
273.000 -35.22 72.08
274.000 -35.56 72.27
275.000 -35.76 72.13
276.000 -35.98 72.20
277.000 -36.16 72.44
278.000 -36.76 72.26
279.000 -36.96 72.31
280.000 -36.93 72.18
281.000 -37.26 72.27
282.000 -37.64 72.29
283.000 -38.15 72.29
284.000 -38.40 72.30
285.000 -38.66 72.24
286.000 -38.71 72.22
287.000 -39.11 72.32
288.000 -39.72 71.98
289.000 -39.81 72.20
290.000 -40.18 72.22
291.000 -40.38 72.17
292.000 -40.65 72.18
293.000 -40.77 72.12
294.000 -41.01 72.12
295.000 -41.16 72.18
296.000 -41.79 72.14
297.000 -41.99 72.22
298.000 -41.99 72.07
299.000 -42.05 72.32
300.000 -42.85 72.27
301.000 -43.15 72.21
302.000 -43.63 72.30
303.000 -43.73 72.00
304.000 -43.92 72.33
305.000 -43.95 72.22
306.000 -44.31 72.26
307.000 -44.73 72.48
308.000 -44.97 72.23
309.000 -45.03 72.29
310.000 -45.42 72.30
311.000 -45.97 72.13
312.000 -46.10 72.37
313.000 -46.38 72.22
314.000 -46.80 72.28
315.000 -47.00 72.32
316.000 -47.01 72.18
317.000 -47.02 72.35
318.000 -47.29 72.28
319.000 -47.85 72.31
320.000 -48.14 72.39
321.000 -48.34 72.26
322.000 -48.67 72.44
323.000 -48.73 72.21
324.000 -48.99 72.21
325.000 -49.02 72.22
326.000 -49.07 71.98
327.000 -49.61 72.29
328.000 -49.90 72.11
329.000 -50.02 72.13
330.000 -50.15 72.35
331.000 -50.58 72.14
332.000 -50.73 72.25
333.000 -50.86 72.18
334.000 -50.88 72.17
335.000 -50.98 72.19
336.000 -51.35 72.18
337.000 -51.92 72.23
338.000 -51.99 72.24
339.000 -52.09 72.24
340.000 -52.39 72.33
341.000 -52.76 72.14
342.000 -52.78 72.27
343.000 -52.87 72.29
344.000 -52.88 72.22
345.000 -53.03 72.38
346.000 -53.15 72.25
347.000 -53.80 72.34
348.000 -53.98 72.35
349.000 -54.02 72.28
350.000 -54.12 72.44
351.000 -54.70 72.29
352.000 -54.67 72.35
353.000 -54.67 72.35
354.000 -54.76 72.29
355.000 -54.78 72.40
356.000 -54.81 72.28
357.000 -54.79 72.33
358.000 -54.87 72.29
359.000 -54.95 72.20
360.000 -55.03 72.35
361.000 -55.08 72.29
362.000 -55.58 72.31
363.000 -55.68 72.36
364.000 -55.75 72.20
365.000 -55.82 72.53
366.000 -55.95 72.26
367.000 -55.93 72.31
368.000 -55.95 72.32
369.000 -55.99 72.24
370.000 -55.99 72.31
371.000 -56.07 72.34
372.000 -56.48 72.23
373.000 -56.48 72.32
374.000 -56.57 72.23
375.000 -56.58 72.29
376.000 -56.60 72.26
377.000 -56.65 72.24
378.000 -56.64 72.29
379.000 -56.72 72.17
380.000 -56.69 72.24
381.000 -56.71 72.23
382.000 -56.67 72.23
383.000 -56.71 72.26
384.000 -56.80 72.16
385.000 -56.75 72.23
386.000 -56.75 72.24
387.000 -56.78 72.20
388.000 -56.74 72.26
389.000 -56.75 72.19
390.000 -56.74 72.27
391.000 -56.76 72.22
392.000 -56.71 72.21
393.000 -56.64 72.28
394.000 -56.65 72.21
395.000 -56.63 72.29
396.000 -56.47 72.34
397.000 -56.54 72.23
398.000 -56.45 72.38
399.000 -56.47 72.26
400.000 -56.43 72.32
401.000 -56.43 72.33
402.000 -56.41 72.26
403.000 -56.36 72.43
404.000 -56.32 72.31
405.000 -56.19 72.39
406.000 -56.15 72.41
407.000 -56.09 72.29
408.000 -55.99 72.41
409.000 -55.62 72.30
410.000 -55.58 72.29
411.000 -55.44 72.36
412.000 -55.41 72.24
413.000 -55.24 72.51
414.000 -55.25 72.35
415.000 -55.23 72.35
416.000 -55.13 72.45
417.000 -55.11 72.34
418.000 -55.01 72.43
419.000 -54.67 72.33
420.000 -54.61 72.28
421.000 -54.42 72.42
422.000 -54.37 72.33
423.000 -54.28 72.38
424.000 -54.17 72.41
425.000 -54.04 72.19
426.000 -53.45 72.40
427.000 -53.37 72.23
428.000 -53.21 72.34
429.000 -53.16 72.24
430.000 -52.92 72.14
431.000 -52.60 72.27
432.000 -52.30 72.21
433.000 -52.23 72.28
434.000 -52.17 72.30
435.000 -52.12 72.18
436.000 -51.81 72.25
437.000 -51.44 72.17
438.000 -51.32 72.24
439.000 -51.24 72.32
440.000 -51.04 72.13
441.000 -50.55 72.26
442.000 -50.38 72.20
443.000 -50.23 72.28
444.000 -50.06 72.41
445.000 -50.02 71.91
446.000 -49.53 72.27
447.000 -49.23 72.21
448.000 -49.21 72.27
449.000 -49.03 72.30
450.000 -48.63 72.23
451.000 -48.50 72.44
452.000 -48.17 72.25
453.000 -47.91 72.23
454.000 -47.67 72.29
455.000 -47.33 72.16
456.000 -47.28 72.38
457.000 -47.23 72.35
458.000 -46.93 72.19
459.000 -46.43 72.36
460.000 -46.39 72.14
461.000 -46.17 72.32
462.000 -46.04 72.17
463.000 -45.53 72.19
464.000 -45.11 72.36
465.000 -45.12 72.29
466.000 -44.79 72.27
467.000 -44.45 72.24
468.000 -44.18 72.15
469.000 -44.06 72.53
470.000 -43.86 71.99
471.000 -43.59 72.20
472.000 -43.33 72.25
473.000 -42.95 72.19
474.000 -42.46 72.32
475.000 -42.31 72.14
476.000 -42.25 72.32
477.000 -42.17 72.28
478.000 -41.81 72.12
479.000 -41.49 72.22
480.000 -41.21 72.19
481.000 -40.91 72.16
482.000 -40.58 72.23
483.000 -40.30 72.12
484.000 -40.30 72.21
485.000 -40.05 72.01
486.000 -39.74 72.17
487.000 -39.37 72.25
488.000 -39.31 72.19
489.000 -38.94 72.31
490.000 -38.59 72.21
491.000 -38.31 72.27
492.000 -38.21 72.35
493.000 -38.09 72.24
494.000 -37.73 72.26
495.000 -37.26 72.28
496.000 -37.21 72.36
497.000 -36.98 72.27
498.000 -36.48 72.27
499.000 -36.38 72.39
500.000 -36.24 72.29
501.000 -35.99 72.17
502.000 -35.73 72.25
503.000 -35.60 72.16
504.000 -35.16 72.36
505.000 -35.04 72.21
506.000 -34.69 72.21
507.000 -34.52 72.31
508.000 -34.44 72.18
509.000 -34.01 72.22
510.000 -33.78 72.19
511.000 -33.63 72.26
512.000 -33.29 72.35
513.000 -33.36 72.21
514.000 -32.98 72.33
515.000 -32.66 72.23
516.000 -32.51 72.15
517.000 -32.35 72.44
518.000 -32.05 72.27
519.000 -31.96 72.19
520.000 -31.56 72.26
521.000 -31.40 72.31
522.000 -31.20 72.48
523.000 -31.29 72.23
524.000 -31.09 72.38
525.000 -30.95 72.20
526.000 -30.55 72.11
527.000 -30.30 72.37
528.000 -30.14 72.32
529.000 -30.00 72.20
530.000 -29.50 72.34
531.000 -29.50 72.23
532.000 -29.33 72.37
533.000 -29.26 72.17
534.000 -29.31 72.29
535.000 -29.18 72.33
536.000 -29.12 72.30
537.000 -29.10 72.35
538.000 -28.97 72.19
539.000 -28.51 72.24
540.000 -28.28 72.26
541.000 -28.23 72.18
542.000 -28.16 72.29
543.000 -28.06 72.28
544.000 -28.01 72.24
545.000 -27.68 72.28
546.000 -27.65 72.19
547.000 -27.51 72.25
548.000 -27.50 72.18
549.000 -27.48 72.21
550.000 -27.38 72.25
551.000 -27.33 72.22
552.000 -27.23 72.30
553.000 -27.13 72.30
554.000 -27.13 72.28
555.000 -27.04 72.26
556.000 -26.69 72.25
557.000 -26.62 72.29
558.000 -26.53 72.27
559.000 -26.50 72.28
560.000 -26.48 72.35
561.000 -26.39 72.26
562.000 -26.31 72.45
563.000 -26.24 72.38
564.000 -26.12 72.32
565.000 -26.14 72.46
566.000 -26.16 72.31
567.000 -26.12 72.41
568.000 -26.12 72.43
569.000 -26.13 72.38
570.000 -26.11 72.47
571.000 -26.09 72.35
572.000 -26.09 72.46
573.000 -26.07 72.42
574.000 -26.12 72.42
575.000 -26.08 72.47
576.000 -26.03 72.24
577.000 -25.73 72.33
578.000 -25.68 72.36
579.000 -25.70 72.24
580.000 -25.73 72.40
581.000 -25.72 72.27
582.000 -25.73 72.32
583.000 -25.80 72.36
584.000 -25.76 72.28
585.000 -25.79 72.38
586.000 -25.83 72.25
587.000 -25.89 72.31
588.000 -26.10 72.47
589.000 -26.33 72.16
590.000 -26.40 72.34
591.000 -26.49 72.24
592.000 -26.51 72.23
593.000 -26.55 72.26
594.000 -26.59 72.16
595.000 -26.66 72.26
596.000 -26.69 72.12
597.000 -26.70 72.14
598.000 -26.74 72.14
599.000 -26.83 72.04
600.000 -26.95 72.13
601.000 -26.91 72.11
602.000 -26.95 72.09
603.000 -27.00 72.16
604.000 -27.03 72.15
605.000 -27.04 72.28
606.000 -27.28 72.28
607.000 -27.72 72.21
608.000 -27.91 72.26
609.000 -27.98 72.13
610.000 -28.00 72.20
611.000 -28.35 72.20
612.000 -28.56 72.24
613.000 -28.65 72.32
614.000 -28.76 72.21
615.000 -28.82 72.27
616.000 -28.84 72.27
617.000 -28.84 72.15
618.000 -28.93 72.30
619.000 -29.28 72.23
620.000 -29.53 72.28
621.000 -29.85 72.19
622.000 -29.92 72.10
623.000 -29.96 72.20
624.000 -30.37 72.27
625.000 -30.66 72.24
626.000 -30.87 72.43
627.000 -30.93 72.23
628.000 -30.97 72.41
629.000 -31.04 72.23
630.000 -31.21 72.38
631.000 -31.78 72.22
632.000 -31.89 72.13
633.000 -32.21 72.39
634.000 -32.63 72.23
635.000 -32.75 72.29
636.000 -32.90 72.30
637.000 -33.02 72.07
638.000 -33.13 72.37
639.000 -33.66 72.28
640.000 -33.86 72.17
641.000 -33.92 72.28
642.000 -34.26 72.20
643.000 -34.49 72.31
644.000 -34.67 72.19
645.000 -34.70 72.24
646.000 -34.98 72.28
647.000 -34.97 72.11
648.000 -35.44 72.31
649.000 -35.81 72.23
650.000 -36.08 72.34
651.000 -36.33 72.37
652.000 -36.48 72.29
653.000 -36.85 72.34
654.000 -36.93 72.24
655.000 -36.87 72.17
656.000 -37.22 72.38
657.000 -37.67 72.22
658.000 -38.04 72.23
659.000 -38.10 72.32
660.000 -38.52 72.20
661.000 -38.62 72.28
662.000 -38.77 72.19
663.000 -39.09 72.28
664.000 -39.43 72.21
665.000 -39.89 72.10
666.000 -39.95 72.20
667.000 -40.16 72.15
668.000 -40.39 72.24
669.000 -40.59 72.24
670.000 -40.86 72.17
671.000 -40.84 72.24
672.000 -41.10 72.21
673.000 -41.54 72.20
674.000 -41.92 72.17
675.000 -41.98 72.08
676.000 -42.03 72.21
677.000 -42.34 72.29
678.000 -42.64 72.28
679.000 -42.95 72.32
680.000 -42.96 72.02
681.000 -43.38 72.34
682.000 -43.67 72.19
683.000 -43.99 72.16
684.000 -44.01 72.27
685.000 -44.34 72.23
686.000 -44.63 72.45
687.000 -44.87 72.27
688.000 -45.02 72.19
689.000 -45.35 72.34
690.000 -45.85 72.15
691.000 -45.88 72.29
692.000 -46.17 72.26
693.000 -46.37 72.29
694.000 -46.69 72.35
695.000 -46.86 72.24
696.000 -46.98 72.25
697.000 -46.94 72.26
698.000 -47.04 72.20
699.000 -47.49 72.45
700.000 -47.85 72.29
701.000 -47.97 72.38
702.000 -48.22 72.38
703.000 -48.50 72.32
704.000 -48.65 72.41
705.000 -48.70 72.26
706.000 -49.09 72.36
707.000 -49.31 72.27
708.000 -49.63 72.02
709.000 -49.65 72.25
710.000 -49.88 72.13
711.000 -49.98 72.23
712.000 -50.05 72.35
713.000 -50.47 72.17
714.000 -50.53 72.28
715.000 -50.75 72.21
716.000 -50.84 72.24
717.000 -50.81 72.28
718.000 -50.97 72.11
719.000 -51.00 72.23
720.000 -51.37 72.23
721.000 -51.80 72.16
722.000 -51.84 72.27
723.000 -52.03 72.16
724.000 -51.99 72.32
725.000 -52.04 72.21
726.000 -52.17 72.20
727.000 -52.51 72.31
728.000 -52.67 72.21
729.000 -52.70 72.33
730.000 -52.82 72.33
731.000 -52.84 72.28
732.000 -53.11 72.46
733.000 -53.54 72.27
734.000 -53.71 72.33
735.000 -53.77 72.33
736.000 -53.82 72.32
737.000 -53.90 72.42
738.000 -53.97 72.29
739.000 -54.05 72.42
740.000 -54.41 72.34
741.000 -54.47 72.34
742.000 -54.51 72.38
743.000 -54.56 72.30
744.000 -54.66 72.42
745.000 -54.67 72.43
746.000 -54.69 72.37
747.000 -54.66 72.42
748.000 -54.72 72.32
749.000 -54.69 72.41
750.000 -54.71 72.38
751.000 -54.75 72.34
752.000 -54.73 72.43
753.000 -54.76 72.33
754.000 -54.75 72.40
755.000 -54.77 72.38
756.000 -54.85 72.33
757.000 -54.84 72.39
758.000 -54.85 72.35
759.000 -54.79 72.32
760.000 -54.80 72.35
761.000 -54.83 72.31
762.000 -54.82 72.36
763.000 -54.82 72.31
764.000 -54.82 72.33
765.000 -54.83 72.36
766.000 -54.82 72.31
767.000 -54.81 72.38
768.000 -54.79 72.38
769.000 -54.83 72.34
770.000 -54.76 72.42
771.000 -54.82 72.30
772.000 -54.79 72.37
773.000 -54.78 72.38
774.000 -54.79 72.33
775.000 -54.81 72.42
776.000 -54.78 72.34
777.000 -54.73 72.45
778.000 -54.74 72.45
779.000 -54.73 72.36
780.000 -54.60 72.43
781.000 -54.65 72.36
782.000 -54.65 72.40
783.000 -54.65 72.40
784.000 -54.59 72.31
785.000 -54.60 72.39
786.000 -54.55 72.31
787.000 -54.56 72.37
788.000 -54.46 72.37
789.000 -54.38 72.32
790.000 -54.36 72.37
791.000 -54.27 72.32
792.000 -53.96 72.31
793.000 -53.68 72.42
794.000 -53.60 72.24
795.000 -53.23 72.46
796.000 -53.25 72.24
797.000 -53.20 72.30
798.000 -53.04 72.40
799.000 -52.71 72.13
800.000 -52.56 72.31
801.000 -52.49 72.15
802.000 -52.38 72.22
803.000 -52.33 72.34
804.000 -52.14 72.22
805.000 -52.05 72.36
806.000 -52.09 72.27
807.000 -51.80 72.16
808.000 -51.52 72.36
809.000 -51.40 72.18
810.000 -51.21 72.39
811.000 -51.22 72.30
812.000 -51.11 72.29
813.000 -50.93 72.31
814.000 -50.49 72.17
815.000 -50.33 72.36
816.000 -50.24 72.30
817.000 -50.16 72.19
818.000 -49.84 72.33
819.000 -49.61 71.97
820.000 -49.24 72.33
821.000 -49.20 72.30
822.000 -49.04 72.22
823.000 -48.75 72.52
824.000 -48.54 72.32
825.000 -48.48 72.48
826.000 -48.27 72.41
827.000 -48.21 72.39
828.000 -48.00 72.39
829.000 -47.53 72.14
830.000 -47.37 72.27
831.000 -47.23 72.35
832.000 -47.19 72.29
833.000 -46.95 72.55
834.000 -46.63 72.13
835.000 -46.27 72.29
836.000 -46.31 72.25
837.000 -46.25 72.16
838.000 -45.95 72.49
839.000 -45.39 72.28
840.000 -45.10 72.46
841.000 -45.05 72.44
842.000 -44.78 72.18
843.000 -44.45 72.34
844.000 -44.13 72.13
845.000 -44.07 72.27
846.000 -43.97 72.22
847.000 -43.57 72.14
848.000 -43.52 72.34
849.000 -43.16 72.27
850.000 -43.10 72.35
851.000 -42.75 72.32
852.000 -42.28 72.20
853.000 -42.22 72.35
854.000 -42.13 72.27
855.000 -41.79 72.12
856.000 -41.52 72.23
857.000 -41.37 72.17
858.000 -41.23 72.38
859.000 -40.89 72.11
860.000 -40.59 72.17
861.000 -40.28 72.35
862.000 -40.29 72.17
863.000 -40.04 72.23
864.000 -39.67 72.22
865.000 -39.53 72.17
866.000 -39.08 72.30
867.000 -39.04 72.26
868.000 -38.51 72.28
869.000 -38.44 72.23
870.000 -38.34 72.22
871.000 -38.05 72.20
872.000 -37.77 72.18
873.000 -37.39 72.32
874.000 -37.41 72.28
875.000 -37.09 72.28
876.000 -37.03 72.41
877.000 -36.67 72.31
878.000 -36.50 72.29
879.000 -36.17 72.38
880.000 -36.11 72.27
881.000 -35.94 72.32
882.000 -35.61 72.13
883.000 -35.28 72.27
884.000 -35.16 72.28
885.000 -35.00 72.15
886.000 -34.60 72.31
887.000 -34.54 72.18
888.000 -34.48 72.29
889.000 -34.25 72.40
890.000 -34.19 72.34
891.000 -33.98 72.47
892.000 -33.68 72.33
893.000 -33.35 72.37
894.000 -33.20 72.38
895.000 -33.26 72.21
896.000 -32.98 72.40
897.000 -32.55 72.20
898.000 -32.44 72.22
899.000 -32.27 72.27
900.000 -32.14 72.28
901.000 -31.97 72.24
902.000 -31.39 72.34
903.000 -31.34 72.40
904.000 -31.14 72.55
905.000 -31.20 72.42
906.000 -31.11 72.46
907.000 -30.87 72.28
908.000 -30.61 72.28
909.000 -30.46 72.40
910.000 -30.35 72.17
911.000 -30.14 72.36
912.000 -29.91 72.25
913.000 -29.73 72.20
914.000 -29.50 72.39
915.000 -29.49 72.29
916.000 -29.29 72.33
917.000 -29.31 72.33
918.000 -29.29 72.26
919.000 -29.24 72.41
920.000 -29.21 72.29
921.000 -29.18 72.33
922.000 -29.09 72.35
923.000 -28.82 72.23
924.000 -28.48 72.32
925.000 -28.40 72.24
926.000 -28.42 72.26
927.000 -28.27 72.29
928.000 -28.22 72.22
929.000 -28.16 72.36
930.000 -28.15 72.34
931.000 -28.11 72.34
932.000 -28.08 72.39
933.000 -28.03 72.37
934.000 -27.73 72.37
935.000 -27.64 72.31
936.000 -27.48 72.21
937.000 -27.49 72.29
938.000 -27.46 72.25
939.000 -27.41 72.28
940.000 -27.42 72.25
941.000 -27.34 72.28
942.000 -27.34 72.31
943.000 -27.30 72.22
944.000 -27.31 72.30
945.000 -27.29 72.25
946.000 -27.25 72.23
947.000 -27.28 72.26
948.000 -27.25 72.26
949.000 -27.19 72.32
950.000 -27.18 72.31
951.000 -27.21 72.27
952.000 -27.19 72.37
953.000 -27.18 72.25
954.000 -27.16 72.27
955.000 -27.15 72.28
956.000 -27.15 72.27
957.000 -27.13 72.33
958.000 -27.16 72.24
959.000 -27.12 72.29
960.000 -27.23 72.37
961.000 -27.22 72.24
962.000 -27.18 72.28
963.000 -27.26 72.25
964.000 -27.27 72.27
965.000 -27.26 72.27
966.000 -27.29 72.21
967.000 -27.32 72.26
968.000 -27.37 72.22
969.000 -27.38 72.24
970.000 -27.52 72.28
971.000 -27.51 72.26
972.000 -27.65 72.37
973.000 -27.64 72.35
974.000 -27.77 72.34
975.000 -27.74 72.40
976.000 -27.75 72.30
977.000 -27.81 72.36
978.000 -27.83 72.30
979.000 -27.90 72.30
980.000 -27.97 72.27
981.000 -28.00 72.28
982.000 -28.08 72.28
983.000 -28.41 72.29
984.000 -28.63 72.23
985.000 -28.81 72.34
986.000 -28.74 72.31
987.000 -28.77 72.33
988.000 -28.82 72.28
989.000 -28.84 72.24
990.000 -28.83 72.29
991.000 -28.89 72.24
992.000 -29.11 72.34
993.000 -29.43 72.34
994.000 -29.65 72.28
995.000 -29.67 72.29
996.000 -29.93 72.14
997.000 -29.97 72.22
998.000 -30.01 72.25
999.000 -30.15 72.40
1000.000 -30.69 72.51
1001.000 -30.70 72.32
1002.000 -30.87 72.35
1003.000 -30.89 72.43
1004.000 -30.88 72.35
1005.000 -30.92 72.35
1006.000 -31.09 72.23
1007.000 -31.67 72.16
1008.000 -31.93 72.20
1009.000 -32.13 72.21
1010.000 -32.37 72.39
1011.000 -32.68 72.21
1012.000 -32.75 72.29
1013.000 -32.83 72.33
1014.000 -32.90 72.23
1015.000 -33.24 72.40
1016.000 -33.59 72.32
1017.000 -33.76 72.37
1018.000 -33.77 72.38
1019.000 -34.18 72.30
1020.000 -34.50 72.30
1021.000 -34.55 72.27
1022.000 -34.70 72.21
1023.000 -34.73 72.28
1024.000 -34.95 72.20
1025.000 -34.97 72.24
1026.000 -35.28 72.26
1027.000 -35.63 72.22
1028.000 -35.81 72.24
1029.000 -35.88 72.18
1030.000 -36.01 72.24
1031.000 -36.40 72.36
1032.000 -36.67 72.28
1033.000 -36.94 72.36
1034.000 -36.96 72.05
1035.000 -36.98 72.23
1036.000 -37.28 72.34
1037.000 -37.66 72.25
1038.000 -37.82 72.24
1039.000 -38.17 72.28
1040.000 -38.40 72.27
1041.000 -38.54 72.28
1042.000 -38.84 72.26
1043.000 -38.81 72.29
1044.000 -39.25 72.20
1045.000 -39.60 72.20
1046.000 -39.74 72.24
1047.000 -39.87 72.13
1048.000 -40.23 72.37
1049.000 -40.40 72.25
1050.000 -40.52 72.25
1051.000 -40.83 72.25
1052.000 -40.88 72.11
1053.000 -40.94 72.20
1054.000 -41.26 72.25
1055.000 -41.53 72.20
1056.000 -41.84 72.23
1057.000 -41.86 72.14
1058.000 -41.98 72.21
1059.000 -42.35 72.32
1060.000 -42.73 72.30
1061.000 -42.93 72.37
1062.000 -42.91 72.27
1063.000 -43.01 72.29
1064.000 -43.09 72.25
1065.000 -43.60 72.14
1066.000 -43.74 72.29
1067.000 -44.02 72.15
1068.000 -44.20 72.31
1069.000 -44.49 72.29
1070.000 -44.75 72.29
1071.000 -44.73 72.37
1072.000 -45.07 72.35
1073.000 -45.68 72.36
1074.000 -45.94 72.28
1075.000 -45.98 72.17
1076.000 -45.98 72.23
1077.000 -46.05 72.18
1078.000 -46.50 72.31
1079.000 -46.74 72.30
1080.000 -46.81 72.31
1081.000 -46.88 72.34
1082.000 -47.00 72.25
1083.000 -47.00 72.24
1084.000 -47.31 72.37
1085.000 -47.69 72.27
1086.000 -47.94 72.44
1087.000 -47.90 72.37
1088.000 -48.16 72.45
1089.000 -48.39 72.46
1090.000 -48.54 72.37
1091.000 -48.61 72.42
1092.000 -48.82 72.36
1093.000 -48.81 72.24
1094.000 -48.85 72.27
1095.000 -48.93 72.05
1096.000 -49.00 72.19
1097.000 -49.15 72.19
1098.000 -49.64 72.18
1099.000 -49.72 72.25
1100.000 -49.92 72.12
1101.000 -49.89 72.26
1102.000 -49.99 72.21
1103.000 -49.99 72.20
1104.000 -50.24 72.35
1105.000 -50.61 72.25
1106.000 -50.68 72.26
1107.000 -50.71 72.30
1108.000 -50.83 72.23
1109.000 -50.84 72.32
1110.000 -50.92 72.20
1111.000 -50.84 72.27
1112.000 -50.93 72.22
1113.000 -50.98 72.16
1114.000 -51.13 72.30
1115.000 -51.68 72.17
1116.000 -51.80 72.20
1117.000 -51.87 72.20
1118.000 -51.90 72.18
1119.000 -51.92 72.40
1120.000 -52.00 72.24
1121.000 -52.02 72.27
1122.000 -52.03 72.32
1123.000 -52.08 72.18
1124.000 -52.34 72.29
1125.000 -52.45 72.23
1126.000 -52.53 72.27
1127.000 -52.53 72.26
1128.000 -52.59 72.22
1129.000 -52.60 72.33
1130.000 -52.65 72.24
1131.000 -52.65 72.26
1132.000 -52.65 72.30
1133.000 -52.64 72.28
1134.000 -52.69 72.41
1135.000 -52.72 72.28
1136.000 -52.74 72.32
1137.000 -52.75 72.36
1138.000 -52.78 72.32
1139.000 -52.73 72.37
1140.000 -52.77 72.31
1141.000 -52.81 72.32
1142.000 -52.84 72.40
1143.000 -52.82 72.28
1144.000 -52.76 72.38
1145.000 -52.77 72.30
1146.000 -52.77 72.29
1147.000 -52.78 72.32
1148.000 -52.77 72.31
1149.000 -52.74 72.36
1150.000 -52.73 72.32
1151.000 -52.75 72.33
1152.000 -52.65 72.33
1153.000 -52.66 72.23
1154.000 -52.68 72.28
1155.000 -52.62 72.25
1156.000 -52.60 72.23
1157.000 -52.50 72.33
1158.000 -52.49 72.21
1159.000 -52.47 72.30
1160.000 -52.43 72.27
1161.000 -52.41 72.23
1162.000 -52.35 72.29
1163.000 -52.37 72.23
1164.000 -52.19 72.26
1165.000 -52.19 72.27
1166.000 -52.15 72.16
1167.000 -52.12 72.34
1168.000 -52.06 72.20
1169.000 -51.99 72.16
1170.000 -51.73 72.20
1171.000 -51.58 72.23
1172.000 -51.42 72.30
1173.000 -51.40 72.23
1174.000 -51.32 72.34
1175.000 -51.29 72.30
1176.000 -51.09 72.26
1177.000 -50.98 72.27
1178.000 -50.69 72.21
1179.000 -50.41 72.27
1180.000 -50.39 72.31
1181.000 -50.39 72.25
1182.000 -50.26 72.35
1183.000 -50.24 72.29
1184.000 -50.12 72.27
1185.000 -50.08 72.33
1186.000 -50.00 72.07
1187.000 -49.63 72.22
1188.000 -49.26 72.22
1189.000 -49.27 72.29
1190.000 -49.10 72.39
1191.000 -49.11 72.36
1192.000 -48.93 72.36
1193.000 -48.62 72.36
1194.000 -48.50 72.38
1195.000 -48.39 72.47
1196.000 -48.13 72.38
1197.000 -48.16 72.46
1198.000 -47.96 72.36
1199.000 -47.63 72.29
1200.000 -47.35 72.39
1201.000 -47.34 72.24
1202.000 -47.17 72.40
1203.000 -47.11 72.39
1204.000 -47.01 72.26
1205.000 -46.57 72.39
1206.000 -46.40 72.09
1207.000 -46.35 72.21
1208.000 -46.25 72.27
1209.000 -46.13 72.20
1210.000 -45.91 72.33
1211.000 -45.54 72.24
1212.000 -45.12 72.45
1213.000 -44.91 72.33
1214.000 -44.59 72.26
1215.000 -44.36 72.36
1216.000 -44.23 72.25
1217.000 -44.09 72.33
1218.000 -43.88 72.19
1219.000 -43.69 72.15
1220.000 -43.55 72.25
1221.000 -43.40 72.24
1222.000 -43.05 72.34
1223.000 -43.09 72.36
1224.000 -42.81 72.18
1225.000 -42.28 72.38
1226.000 -42.21 72.29
1227.000 -42.12 72.32
1228.000 -42.03 72.20
1229.000 -41.53 72.19
1230.000 -41.45 72.29
1231.000 -41.33 72.27
1232.000 -41.21 72.29
1233.000 -40.81 72.18
1234.000 -40.59 72.21
1235.000 -40.45 72.21
1236.000 -40.25 72.29
1237.000 -40.17 72.25
1238.000 -40.03 72.23
1239.000 -39.66 72.19
1240.000 -39.28 72.27
1241.000 -39.15 72.29
1242.000 -38.87 72.28
1243.000 -38.64 72.28
1244.000 -38.24 72.21
1245.000 -38.24 72.28
1246.000 -38.08 72.32
1247.000 -38.03 72.21
1248.000 -37.60 72.36
1249.000 -37.40 72.29
1250.000 -37.25 72.34
1251.000 -37.22 72.36
1252.000 -36.83 72.25
1253.000 -36.66 72.35
1254.000 -36.47 72.27
1255.000 -36.24 72.36
1256.000 -36.17 72.39
1257.000 -36.01 72.16
1258.000 -35.65 72.24
1259.000 -35.56 72.22
1260.000 -35.25 72.32
1261.000 -34.99 72.23
1262.000 -34.72 72.22
1263.000 -34.59 72.31
1264.000 -34.52 72.25
1265.000 -34.45 72.28
1266.000 -34.19 72.39
1267.000 -34.08 72.46
1268.000 -33.95 72.42
1269.000 -33.64 72.35
1270.000 -33.33 72.37
1271.000 -33.29 72.33
1272.000 -33.07 72.18
1273.000 -32.98 72.38
1274.000 -32.67 72.26
1275.000 -32.40 72.26
1276.000 -32.14 72.29
1277.000 -32.16 72.23
1278.000 -31.96 72.21
1279.000 -31.61 72.27
1280.000 -31.40 72.35
1281.000 -31.28 72.47
1282.000 -31.25 72.43
1283.000 -31.23 72.48
1284.000 -31.10 72.42
1285.000 -30.96 72.25
1286.000 -30.64 72.35
1287.000 -30.55 72.31
1288.000 -30.42 72.40
1289.000 -30.29 72.31
1290.000 -30.19 72.36
1291.000 -30.05 72.43
1292.000 -29.98 72.18
1293.000 -29.62 72.34
1294.000 -29.32 72.33
1295.000 -29.37 72.28
1296.000 -29.32 72.39
1297.000 -29.31 72.29
1298.000 -29.27 72.32
1299.000 -29.24 72.35
1300.000 -29.19 72.33
1301.000 -29.13 72.36
1302.000 -29.02 72.28
1303.000 -28.62 72.29
1304.000 -28.57 72.28
1305.000 -28.45 72.26
1306.000 -28.39 72.25
1307.000 -28.33 72.21
1308.000 -28.13 72.25
1309.000 -28.17 72.30
1310.000 -28.12 72.26
1311.000 -28.12 72.33
1312.000 -28.10 72.31
1313.000 -28.04 72.38
1314.000 -27.76 72.35
1315.000 -27.73 72.33
1316.000 -27.65 72.33
1317.000 -27.66 72.32
1318.000 -27.58 72.32
1319.000 -27.54 72.32
1320.000 -27.53 72.23
1321.000 -27.52 72.26
1322.000 -27.49 72.26
1323.000 -27.43 72.24
1324.000 -27.39 72.25
1325.000 -27.46 72.21
1326.000 -27.37 72.24
1327.000 -27.40 72.24
1328.000 -27.40 72.24
1329.000 -27.39 72.24
1330.000 -27.38 72.25
1331.000 -27.41 72.29
1332.000 -27.37 72.21
1333.000 -27.34 72.22
1334.000 -27.37 72.24
1335.000 -27.37 72.24
1336.000 -27.34 72.25
1337.000 -27.39 72.25
1338.000 -27.36 72.26
1339.000 -27.40 72.25
1340.000 -27.42 72.24
1341.000 -27.41 72.25
1342.000 -27.49 72.24
1343.000 -27.46 72.24
1344.000 -27.58 72.28
1345.000 -27.63 72.29
1346.000 -27.66 72.33
1347.000 -27.66 72.33
1348.000 -27.74 72.34
1349.000 -27.74 72.35
1350.000 -27.74 72.35
1351.000 -27.75 72.35
1352.000 -27.81 72.35
1353.000 -27.79 72.31
1354.000 -27.84 72.34
1355.000 -27.87 72.25
1356.000 -28.02 72.26
1357.000 -28.04 72.30
1358.000 -28.08 72.27
1359.000 -28.40 72.29
1360.000 -28.48 72.26
1361.000 -28.56 72.28
1362.000 -28.63 72.30
1363.000 -28.65 72.29
1364.000 -28.90 72.33
1365.000 -28.79 72.29
1366.000 -28.83 72.26
1367.000 -28.84 72.26
1368.000 -28.90 72.26
1369.000 -28.93 72.26
1370.000 -28.98 72.29
1371.000 -29.09 72.34
1372.000 -29.62 72.34
1373.000 -29.67 72.26
1374.000 -29.73 72.27
1375.000 -29.88 72.20
1376.000 -29.99 72.20
1377.000 -30.21 72.40
1378.000 -30.55 72.33
1379.000 -30.61 72.36
1380.000 -30.83 72.36
1381.000 -30.80 72.34
1382.000 -30.89 72.43
1383.000 -30.91 72.33
1384.000 -30.99 72.38
1385.000 -31.16 72.28
1386.000 -31.59 72.22
1387.000 -31.89 72.20
1388.000 -32.01 72.16
1389.000 -32.02 72.27
1390.000 -32.23 72.29
1391.000 -32.62 72.29
1392.000 -32.78 72.34
1393.000 -32.87 72.30
1394.000 -33.12 72.34
1395.000 -33.39 72.36
1396.000 -33.59 72.36
1397.000 -33.63 72.45
1398.000 -33.88 72.29
1399.000 -33.97 72.25
1400.000 -34.21 72.37
1401.000 -34.55 72.26
1402.000 -34.60 72.28
1403.000 -34.76 72.21
1404.000 -34.85 72.19
1405.000 -34.93 72.28
1406.000 -35.06 72.24
1407.000 -35.64 72.28
1408.000 -35.73 72.20
1409.000 -35.88 72.26
1410.000 -36.00 72.24
1411.000 -36.13 72.31
1412.000 -36.50 72.38
1413.000 -36.67 72.31
1414.000 -36.96 72.31
1415.000 -36.93 72.27
1416.000 -36.98 72.14
1417.000 -37.02 72.18
1418.000 -37.26 72.32
1419.000 -37.74 72.25
1420.000 -37.91 72.21
1421.000 -38.19 72.31
1422.000 -38.46 72.28
1423.000 -38.62 72.27
1424.000 -38.89 72.30
1425.000 -38.90 72.26
1426.000 -39.22 72.16
1427.000 -39.55 72.25
1428.000 -39.81 72.20
1429.000 -39.93 72.14
1430.000 -40.07 72.33
1431.000 -40.36 72.21
1432.000 -40.49 72.26
1433.000 -40.59 72.23
1434.000 -40.77 72.17
1435.000 -40.85 72.19
1436.000 -41.14 72.31
1437.000 -41.40 72.29
1438.000 -41.57 72.25
1439.000 -41.86 72.16
1440.000 -41.91 72.21
1441.000 -41.95 72.16
1442.000 -42.03 72.19
1443.000 -42.42 72.35
1444.000 -42.64 72.25
1445.000 -42.94 72.35
1446.000 -42.95 72.26
1447.000 -43.03 72.23
1448.000 -43.12 72.25
1449.000 -43.61 72.21
1450.000 -43.81 72.24
1451.000 -44.07 72.30
1452.000 -44.30 72.25
1453.000 -44.59 72.33
1454.000 -44.62 72.29
1455.000 -44.71 72.35
1456.000 -44.93 72.27
1457.000 -44.93 72.30
1458.000 -45.19 72.37
1459.000 -45.78 72.30
1460.000 -45.84 72.30
1461.000 -46.02 72.21
1462.000 -46.00 72.18
1463.000 -46.06 72.27
1464.000 -46.53 72.23
1465.000 -46.64 72.33
1466.000 -46.84 72.33
1467.000 -46.85 72.30
1468.000 -46.92 72.29
1469.000 -46.98 72.23
1470.000 -47.02 72.32
1471.000 -47.14 72.37
1472.000 -47.74 72.35
1473.000 -47.82 72.40
1474.000 -48.01 72.39
1475.000 -47.99 72.47
1476.000 -48.15 72.50
1477.000 -48.41 72.38
1478.000 -48.53 72.47
1479.000 -48.63 72.30
1480.000 -48.67 72.34
1481.000 -48.75 72.34
1482.000 -48.80 72.25
1483.000 -48.82 72.27
1484.000 -48.88 72.21
1485.000 -48.93 72.18
1486.000 -49.00 72.14
1487.000 -49.26 72.20
1488.000 -49.60 72.22
1489.000 -49.72 72.19
1490.000 -49.78 72.23
1491.000 -49.80 72.27
1492.000 -49.83 72.21
1493.000 -49.84 72.28
1494.000 -49.91 72.22
1495.000 -49.91 72.25
1496.000 -50.01 72.21
1497.000 -50.03 72.21
1498.000 -50.01 72.21
1499.000 -50.11 72.32
1500.000 -50.58 72.24
1501.000 -50.59 72.26
1502.000 -50.62 72.23
1503.000 -50.60 72.28
1504.000 -50.70 72.26
1505.000 -50.68 72.24
1506.000 -50.71 72.31
1507.000 -50.72 72.23
1508.000 -50.75 72.31
1509.000 -50.74 72.28
1510.000 -50.78 72.23
1511.000 -50.80 72.30
1512.000 -50.84 72.25
1513.000 -50.81 72.29
1514.000 -50.85 72.31
1515.000 -50.81 72.27
1516.000 -50.81 72.29
1517.000 -50.83 72.22
1518.000 -50.82 72.27
1519.000 -50.83 72.25
1520.000 -50.83 72.24
1521.000 -50.83 72.28
1522.000 -50.86 72.21
1523.000 -50.86 72.24
1524.000 -50.93 72.26
1525.000 -50.91 72.20
1526.000 -50.84 72.27
1527.000 -50.87 72.21
1528.000 -50.84 72.24
1529.000 -50.82 72.26
1530.000 -50.83 72.23
1531.000 -50.85 72.29
1532.000 -50.82 72.24
1533.000 -50.81 72.28
1534.000 -50.77 72.31
1535.000 -50.79 72.27
1536.000 -50.64 72.29
1537.000 -50.69 72.24
1538.000 -50.65 72.24
1539.000 -50.58 72.27
1540.000 -50.55 72.24
1541.000 -50.56 72.25
1542.000 -50.52 72.24
1543.000 -50.43 72.27
1544.000 -50.45 72.28
1545.000 -50.36 72.28
1546.000 -50.33 72.30
1547.000 -50.30 72.25
1548.000 -50.15 72.27
1549.000 -50.17 72.35
1550.000 -50.13 72.22
1551.000 -50.07 72.30
1552.000 -50.04 72.18
1553.000 -49.64 72.16
1554.000 -49.54 72.26
1555.000 -49.40 72.15
1556.000 -49.36 72.32
1557.000 -49.31 72.29
1558.000 -49.22 72.35
1559.000 -49.04 72.31
1560.000 -48.78 72.28
1561.000 -48.66 72.35
1562.000 -48.54 72.39
1563.000 -48.48 72.36
1564.000 -48.44 72.45
1565.000 -48.37 72.37
1566.000 -48.30 72.46
1567.000 -48.18 72.45
1568.000 -47.99 72.35
1569.000 -47.73 72.35
1570.000 -47.55 72.28
1571.000 -47.33 72.31
1572.000 -47.29 72.37
1573.000 -47.19 72.33
1574.000 -47.05 72.46
1575.000 -47.01 72.28
1576.000 -46.70 72.31
1577.000 -46.56 72.28
1578.000 -46.44 72.19
1579.000 -46.37 72.29
1580.000 -46.35 72.20
1581.000 -46.18 72.31
1582.000 -46.12 72.29
1583.000 -45.74 72.30
1584.000 -45.29 72.46
1585.000 -45.22 72.42
1586.000 -45.11 72.41
1587.000 -45.01 72.29
1588.000 -44.62 72.26
1589.000 -44.23 72.35
1590.000 -44.19 72.27
1591.000 -44.14 72.34
1592.000 -44.04 72.18
1593.000 -43.69 72.18
1594.000 -43.64 72.25
1595.000 -43.47 72.27
1596.000 -43.24 72.32
1597.000 -43.16 72.39
1598.000 -42.85 72.23
1599.000 -42.53 72.27
1600.000 -42.35 72.28
1601.000 -42.27 72.30
1602.000 -42.11 72.35
1603.000 -41.99 72.15
1604.000 -41.65 72.23
1605.000 -41.53 72.24
1606.000 -41.22 72.27
1607.000 -41.16 72.36
1608.000 -40.90 72.16
1609.000 -40.58 72.25
1610.000 -40.45 72.23
1611.000 -40.19 72.24
1612.000 -40.22 72.31
1613.000 -40.07 72.26
1614.000 -39.98 72.22
1615.000 -39.63 72.25
1616.000 -39.18 72.21
1617.000 -39.10 72.28
1618.000 -39.03 72.29
1619.000 -38.63 72.23
1620.000 -38.34 72.29
1621.000 -38.33 72.29
1622.000 -38.00 72.19
1623.000 -37.76 72.25
1624.000 -37.64 72.27
1625.000 -37.55 72.34
1626.000 -37.15 72.30
1627.000 -37.26 72.38
1628.000 -37.11 72.38
1629.000 -36.81 72.32
1630.000 -36.59 72.35
1631.000 -36.42 72.30
1632.000 -36.20 72.36
1633.000 -36.13 72.34
1634.000 -35.99 72.16
1635.000 -35.68 72.26
1636.000 -35.41 72.21
1637.000 -35.13 72.32
1638.000 -35.14 72.30
1639.000 -34.92 72.16
1640.000 -34.69 72.26
1641.000 -34.50 72.21
1642.000 -34.45 72.33
1643.000 -34.32 72.32
1644.000 -34.07 72.45
1645.000 -33.95 72.41
1646.000 -33.75 72.32
1647.000 -33.44 72.41
1648.000 -33.45 72.35
1649.000 -33.30 72.34
1650.000 -33.23 72.32
1651.000 -33.10 72.24
1652.000 -32.85 72.32
1653.000 -32.52 72.24
1654.000 -32.34 72.24
1655.000 -32.24 72.27
1656.000 -32.01 72.22
1657.000 -31.66 72.19
1658.000 -31.51 72.30
1659.000 -31.35 72.35
1660.000 -31.27 72.44
1661.000 -31.29 72.42
1662.000 -31.23 72.47
1663.000 -31.12 72.43
1664.000 -31.02 72.26
1665.000 -30.54 72.37
1666.000 -30.53 72.28
1667.000 -30.40 72.39
1668.000 -30.18 72.40
1669.000 -30.16 72.37
1670.000 -30.07 72.40
1671.000 -29.96 72.23
1672.000 -29.66 72.30
1673.000 -29.34 72.35
1674.000 -29.39 72.33
1675.000 -29.37 72.35
1676.000 -29.34 72.31
1677.000 -29.32 72.33
1678.000 -29.28 72.38
1679.000 -29.17 72.32
1680.000 -29.13 72.35
1681.000 -29.15 72.37
1682.000 -29.05 72.27
1683.000 -28.74 72.32
1684.000 -28.52 72.29
1685.000 -28.48 72.30
1686.000 -28.45 72.27
1687.000 -28.39 72.28
1688.000 -28.37 72.26
1689.000 -28.28 72.24
1690.000 -28.28 72.27
1691.000 -28.27 72.28
1692.000 -28.12 72.29
1693.000 -28.13 72.32
1694.000 -28.11 72.32
1695.000 -28.05 72.32
1696.000 -28.06 72.33
1697.000 -28.08 72.34
1698.000 -28.03 72.35
1699.000 -27.77 72.34
1700.000 -27.75 72.33
1701.000 -27.64 72.33
1702.000 -27.66 72.31
1703.000 -27.61 72.33
1704.000 -27.62 72.26
1705.000 -27.58 72.28
1706.000 -27.59 72.29
1707.000 -27.59 72.27
1708.000 -27.61 72.29
1709.000 -27.59 72.29
1710.000 -27.54 72.28
1711.000 -27.55 72.29
1712.000 -27.56 72.29
1713.000 -27.55 72.29
1714.000 -27.59 72.29
1715.000 -27.53 72.29
1716.000 -27.60 72.28
1717.000 -27.60 72.27
1718.000 -27.59 72.31
1719.000 -27.60 72.29
1720.000 -27.63 72.32
1721.000 -27.66 72.33
1722.000 -27.71 72.34
1723.000 -27.69 72.38
1724.000 -27.72 72.34
1725.000 -27.79 72.36
1726.000 -27.75 72.39
1727.000 -27.75 72.35
1728.000 -27.90 72.36
1729.000 -27.89 72.38
1730.000 -27.88 72.30
1731.000 -27.92 72.32
1732.000 -27.93 72.29
1733.000 -28.00 72.29
1734.000 -27.99 72.28
1735.000 -28.11 72.28
1736.000 -28.41 72.27
1737.000 -28.59 72.27
1738.000 -28.63 72.28
1739.000 -28.63 72.30
1740.000 -28.82 72.30
1741.000 -28.81 72.32
1742.000 -28.79 72.27
1743.000 -28.81 72.28
1744.000 -28.80 72.25
1745.000 -28.82 72.26
1746.000 -28.90 72.26
1747.000 -28.92 72.26
1748.000 -29.00 72.31
1749.000 -29.05 72.38
1750.000 -29.61 72.29
1751.000 -29.65 72.29
1752.000 -29.92 72.14
1753.000 -29.92 72.21
1754.000 -29.96 72.20
1755.000 -30.14 72.40
1756.000 -30.45 72.40
1757.000 -30.62 72.32
1758.000 -30.79 72.37
1759.000 -30.78 72.41
1760.000 -30.82 72.37
1761.000 -30.88 72.42
1762.000 -30.88 72.39
1763.000 -30.96 72.30
1764.000 -31.16 72.34
1765.000 -31.60 72.20
1766.000 -31.83 72.19
1767.000 -31.97 72.17
1768.000 -31.99 72.22
1769.000 -32.28 72.33
1770.000 -32.54 72.28
1771.000 -32.67 72.35
1772.000 -32.76 72.32
1773.000 -32.98 72.31
1774.000 -32.91 72.33
1775.000 -33.24 72.35
1776.000 -33.62 72.42
1777.000 -33.75 72.39
1778.000 -33.90 72.31
1779.000 -34.08 72.39
1780.000 -34.45 72.27
1781.000 -34.53 72.31
1782.000 -34.62 72.24
1783.000 -34.73 72.22
1784.000 -34.72 72.26
1785.000 -34.94 72.19
1786.000 -34.96 72.24
1787.000 -35.31 72.26
1788.000 -35.77 72.22
1789.000 -35.85 72.23
1790.000 -35.92 72.20
1791.000 -36.09 72.36
1792.000 -36.36 72.34
1793.000 -36.59 72.31
1794.000 -36.67 72.36
1795.000 -36.96 72.26
1796.000 -36.90 72.21
1797.000 -36.97 72.19
1798.000 -37.01 72.16
1799.000 -37.22 72.37
1800.000 -37.78 72.19
1801.000 -37.92 72.23
1802.000 -37.94 72.24
1803.000 -38.23 72.26
1804.000 -38.53 72.27
1805.000 -38.63 72.23
1806.000 -38.91 72.30
1807.000 -38.90 72.26
1808.000 -39.34 72.19
1809.000 -39.58 72.23
1810.000 -39.82 72.18
1811.000 -39.92 72.22
1812.000 -40.14 72.36
1813.000 -40.38 72.24
1814.000 -40.52 72.24
1815.000 -40.61 72.22
1816.000 -40.86 72.18
1817.000 -40.91 72.21
1818.000 -40.93 72.12
1819.000 -41.01 72.24
1820.000 -41.08 72.28
1821.000 -41.59 72.20
1822.000 -41.94 72.22
1823.000 -41.90 72.16
1824.000 -42.00 72.22
1825.000 -42.04 72.25
1826.000 -42.39 72.31
1827.000 -42.65 72.40
1828.000 -42.90 72.27
1829.000 -42.94 72.32
1830.000 -42.99 72.24
1831.000 -43.02 72.20
1832.000 -43.16 72.30
1833.000 -43.60 72.18
1834.000 -43.80 72.20
1835.000 -43.88 72.20
1836.000 -44.18 72.31
1837.000 -44.58 72.41
1838.000 -44.59 72.31
1839.000 -44.74 72.33
1840.000 -44.84 72.36
1841.000 -45.00 72.30
1842.000 -45.01 72.35
1843.000 -45.32 72.28
1844.000 -45.61 72.35
1845.000 -45.85 72.29
1846.000 -45.91 72.23
1847.000 -45.94 72.30
1848.000 -46.11 72.22
1849.000 -46.37 72.24
1850.000 -46.46 72.31
1851.000 -46.73 72.27
1852.000 -46.75 72.37
1853.000 -46.80 72.28
1854.000 -46.85 72.30
1855.000 -46.91 72.30
1856.000 -47.00 72.25
1857.000 -46.95 72.32
1858.000 -46.99 72.28
1859.000 -47.11 72.36
1860.000 -47.65 72.43
1861.000 -47.78 72.34
1862.000 -47.84 72.40
1863.000 -47.90 72.39
1864.000 -48.13 72.51
1865.000 -48.36 72.50
1866.000 -48.38 72.40
1867.000 -48.45 72.46
1868.000 -48.53 72.40
1869.000 -48.53 72.41
1870.000 -48.58 72.44
1871.000 -48.65 72.33
1872.000 -48.79 72.36
1873.000 -48.76 72.37
1874.000 -48.77 72.30
1875.000 -48.81 72.33
1876.000 -48.85 72.25
1877.000 -48.83 72.26
1878.000 -48.91 72.20
1879.000 -48.89 72.20
1880.000 -48.92 72.24
1881.000 -48.91 72.15
1882.000 -48.96 72.25
1883.000 -49.00 72.19
1884.000 -49.12 72.22
1885.000 -49.44 72.27
1886.000 -49.57 72.17
1887.000 -49.56 72.23
1888.000 -49.57 72.26
1889.000 -49.57 72.21
1890.000 -49.58 72.26
1891.000 -49.64 72.17
1892.000 -49.63 72.22
1893.000 -49.67 72.24
1894.000 -49.64 72.19
1895.000 -49.62 72.25
1896.000 -49.67 72.21
1897.000 -49.69 72.21
1898.000 -49.65 72.26
1899.000 -49.69 72.20
1900.000 -49.63 72.26
1901.000 -49.62 72.24
1902.000 -49.61 72.23
1903.000 -49.58 72.22
1904.000 -49.58 72.18
1905.000 -49.57 72.22
1906.000 -49.57 72.19
1907.000 -49.49 72.25
1908.000 -49.43 72.28
1909.000 -49.35 72.21
1910.000 -49.34 72.25
1911.000 -49.36 72.28
1912.000 -49.34 72.26
1913.000 -49.30 72.33
1914.000 -49.29 72.28
1915.000 -49.20 72.43
1916.000 -49.25 72.38
1917.000 -49.19 72.39
1918.000 -49.09 72.46
1919.000 -49.07 72.40
1920.000 -48.93 72.37
1921.000 -48.71 72.40
1922.000 -48.56 72.35
1923.000 -48.52 72.44
1924.000 -48.47 72.36
1925.000 -48.44 72.44
1926.000 -48.41 72.46
1927.000 -48.31 72.41
1928.000 -48.26 72.47
1929.000 -48.13 72.41
1930.000 -48.13 72.43
1931.000 -47.99 72.33
1932.000 -47.57 72.24
1933.000 -47.48 72.36
1934.000 -47.38 72.30
1935.000 -47.33 72.36
1936.000 -47.16 72.43
1937.000 -47.17 72.37
1938.000 -47.01 72.36
1939.000 -46.74 72.33
1940.000 -46.61 72.31
1941.000 -46.49 72.33
1942.000 -46.39 72.22
1943.000 -46.33 72.28
1944.000 -46.24 72.31
1945.000 -46.18 72.20
1946.000 -46.13 72.37
1947.000 -45.91 72.31
1948.000 -45.34 72.36
1949.000 -45.26 72.40
1950.000 -45.20 72.39
1951.000 -44.96 72.33
1952.000 -44.62 72.27
1953.000 -44.30 72.34
1954.000 -44.28 72.30
1955.000 -44.07 72.32
1956.000 -43.95 72.24
1957.000 -43.76 72.23
1958.000 -43.68 72.27
1959.000 -43.60 72.30
1960.000 -43.51 72.27
1961.000 -43.34 72.42
1962.000 -43.01 72.25
1963.000 -42.66 72.29
1964.000 -42.44 72.34
1965.000 -42.19 72.31
1966.000 -42.15 72.36
1967.000 -42.13 72.32
1968.000 -41.92 72.18
1969.000 -41.62 72.27
1970.000 -41.50 72.26
1971.000 -41.39 72.26
1972.000 -41.25 72.29
1973.000 -40.84 72.21
1974.000 -40.62 72.24
1975.000 -40.43 72.21
1976.000 -40.34 72.29
1977.000 -40.27 72.26
1978.000 -39.95 72.18
1979.000 -39.73 72.25
1980.000 -39.62 72.20
1981.000 -39.23 72.31
1982.000 -39.13 72.31
1983.000 -39.05 72.27
1984.000 -38.96 72.28
1985.000 -38.39 72.23
1986.000 -38.35 72.26
1987.000 -38.23 72.31
1988.000 -37.95 72.26
1989.000 -37.69 72.28
1990.000 -37.53 72.32
1991.000 -37.26 72.32
1992.000 -37.14 72.41
1993.000 -37.19 72.40
1994.000 -36.89 72.38
1995.000 -36.58 72.32
1996.000 -36.27 72.34
1997.000 -36.21 72.35
1998.000 -36.06 72.36
1999.000 -35.88 72.27
2000.000 -35.66 72.20
2001.000 -35.36 72.33
2002.000 -35.18 72.37
2003.000 -35.11 72.37
2004.000 -34.89 72.23
2005.000 -34.61 72.24
2006.000 -34.49 72.30
2007.000 -34.31 72.36
2008.000 -34.15 72.38
2009.000 -34.04 72.38
2010.000 -33.67 72.34
2011.000 -33.38 72.41
2012.000 -33.29 72.37
2013.000 -33.15 72.31
2014.000 -32.99 72.33
2015.000 -32.68 72.25
2016.000 -32.43 72.29
2017.000 -32.20 72.27
