 Masse A  
t x y 
0.000 -18.26 58.76
1.000 -18.29 58.76
2.000 -18.32 58.75
3.000 -18.33 58.74
4.000 -18.30 58.74
5.000 -18.35 58.78
6.000 -18.37 58.75
7.000 -18.42 58.78
8.000 -18.42 58.76
9.000 -18.40 58.75
10.000 -18.45 58.71
11.000 -18.42 58.72
12.000 -18.43 58.75
13.000 -18.49 58.72
14.000 -18.45 58.70
15.000 -18.47 58.71
16.000 -18.50 58.72
17.000 -18.50 58.69
18.000 -18.54 58.69
19.000 -18.57 58.62
20.000 -18.54 58.69
21.000 -18.62 58.58
22.000 -18.62 58.60
23.000 -18.60 58.57
24.000 -18.86 58.63
25.000 -19.14 58.63
26.000 -19.22 58.64
27.000 -19.19 58.62
28.000 -19.23 58.61
29.000 -19.35 58.62
30.000 -19.30 58.63
31.000 -19.29 58.67
32.000 -19.29 58.63
33.000 -19.36 58.62
34.000 -19.43 58.63
35.000 -19.42 58.63
36.000 -19.54 58.64
37.000 -19.55 58.57
38.000 -19.53 58.60
39.000 -19.60 58.60
40.000 -19.64 58.57
41.000 -19.65 58.60
42.000 -19.73 58.62
43.000 -19.75 58.64
44.000 -19.78 58.77
45.000 -20.14 58.73
46.000 -20.19 58.71
47.000 -20.29 58.71
48.000 -20.41 58.63
49.000 -20.39 58.69
50.000 -20.40 58.67
51.000 -20.44 58.66
52.000 -20.40 58.68
53.000 -20.48 58.68
54.000 -20.51 58.61
55.000 -20.50 58.61
56.000 -20.54 58.60
57.000 -20.62 58.58
58.000 -20.64 58.61
59.000 -20.66 58.61
60.000 -20.78 58.78
61.000 -21.24 58.74
62.000 -21.36 58.70
63.000 -21.46 58.70
64.000 -21.49 58.72
65.000 -21.54 58.68
66.000 -21.60 58.71
67.000 -21.64 58.67
68.000 -21.67 58.70
69.000 -21.71 58.74
70.000 -21.74 58.71
71.000 -21.82 58.80
72.000 -22.33 58.67
73.000 -22.34 58.68
74.000 -22.43 58.69
75.000 -22.55 58.63
76.000 -22.60 58.67
77.000 -22.63 58.61
78.000 -22.66 58.59
79.000 -22.76 58.56
80.000 -22.82 58.74
81.000 -23.17 58.71
82.000 -23.30 58.70
83.000 -23.33 58.70
84.000 -23.53 58.77
85.000 -23.55 58.72
86.000 -23.56 58.73
87.000 -23.70 58.79
88.000 -23.82 58.83
89.000 -24.12 58.87
90.000 -24.25 58.83
91.000 -24.28 58.85
92.000 -24.33 58.81
93.000 -24.37 58.84
94.000 -24.42 58.83
95.000 -24.42 58.80
96.000 -24.56 58.77
97.000 -24.56 58.72
98.000 -24.58 58.72
99.000 -24.61 58.74
100.000 -24.66 58.66
101.000 -24.68 58.64
102.000 -24.74 58.60
103.000 -24.74 58.62
104.000 -24.82 58.83
105.000 -25.23 58.77
106.000 -25.39 58.76
107.000 -25.51 58.74
108.000 -25.73 58.79
109.000 -25.62 58.81
110.000 -25.73 58.79
111.000 -25.76 58.74
112.000 -26.09 58.79
113.000 -26.22 58.78
114.000 -26.28 58.76
115.000 -26.36 58.67
116.000 -26.46 58.78
117.000 -26.54 58.67
118.000 -26.75 58.68
119.000 -26.74 58.69
120.000 -27.01 58.65
121.000 -27.22 58.67
122.000 -27.27 58.68
123.000 -27.37 58.66
124.000 -27.42 58.70
125.000 -27.60 58.67
126.000 -27.55 58.67
127.000 -27.62 58.69
128.000 -27.60 58.69
129.000 -27.64 58.69
130.000 -27.63 58.63
131.000 -27.69 58.64
132.000 -27.90 58.67
133.000 -28.15 58.70
134.000 -28.21 58.72
135.000 -28.31 58.76
136.000 -28.29 58.75
137.000 -28.37 58.78
138.000 -28.45 58.78
139.000 -28.43 58.79
140.000 -28.46 58.76
141.000 -28.55 58.76
142.000 -28.58 58.78
143.000 -28.63 58.75
144.000 -28.75 58.79
145.000 -28.80 58.83
146.000 -29.12 58.78
147.000 -29.25 58.80
148.000 -29.22 58.77
149.000 -29.27 58.79
150.000 -29.29 58.80
151.000 -29.32 58.80
152.000 -29.34 58.82
153.000 -29.35 58.81
154.000 -29.33 58.83
155.000 -29.35 58.81
156.000 -29.41 58.80
157.000 -29.38 58.84
158.000 -29.41 58.81
159.000 -29.42 58.80
160.000 -29.43 58.80
161.000 -29.46 58.83
162.000 -29.50 58.83
163.000 -29.53 58.80
164.000 -29.55 58.80
165.000 -29.61 58.79
166.000 -29.63 58.78
167.000 -29.61 58.79
168.000 -29.70 58.74
169.000 -29.69 58.75
170.000 -29.69 58.81
171.000 -29.66 58.73
172.000 -29.69 58.79
173.000 -29.74 58.79
174.000 -29.75 58.76
175.000 -29.72 58.75
176.000 -29.76 58.73
177.000 -29.79 58.85
178.000 -30.07 58.83
179.000 -30.14 58.80
180.000 -30.19 58.88
181.000 -30.18 58.79
182.000 -30.18 58.82
183.000 -30.17 58.79
184.000 -30.17 58.79
185.000 -30.16 58.81
186.000 -30.18 58.77
187.000 -30.18 58.78
188.000 -30.18 58.82
189.000 -30.16 58.79
190.000 -30.19 58.78
191.000 -30.20 58.77
192.000 -30.18 58.84
193.000 -30.20 58.83
194.000 -30.13 58.82
195.000 -30.17 58.83
196.000 -30.15 58.84
197.000 -30.18 58.83
198.000 -30.13 58.84
199.000 -30.12 58.84
200.000 -30.13 58.85
201.000 -30.14 58.83
202.000 -30.12 58.85
203.000 -30.12 58.81
204.000 -30.12 58.81
205.000 -30.07 58.82
206.000 -30.11 58.83
207.000 -30.07 58.82
208.000 -30.08 58.83
209.000 -30.02 58.80
210.000 -30.01 58.85
211.000 -29.98 58.83
212.000 -29.93 58.83
213.000 -29.92 58.82
214.000 -29.90 58.80
215.000 -29.88 58.86
216.000 -29.76 58.84
217.000 -29.78 58.82
218.000 -29.80 58.85
219.000 -29.78 58.85
220.000 -29.73 58.83
221.000 -29.44 58.78
222.000 -29.33 58.79
223.000 -29.29 58.83
224.000 -29.32 58.79
225.000 -29.28 58.80
226.000 -29.22 58.81
227.000 -29.26 58.83
228.000 -29.18 58.79
229.000 -29.17 58.77
230.000 -29.17 58.79
231.000 -29.15 58.80
232.000 -29.06 58.81
233.000 -28.99 58.82
234.000 -28.98 58.80
235.000 -28.93 58.82
236.000 -28.86 58.83
237.000 -28.77 58.80
238.000 -28.73 58.78
239.000 -28.43 58.69
240.000 -28.23 58.74
241.000 -28.24 58.69
242.000 -28.23 58.65
243.000 -28.13 58.67
244.000 -28.17 58.69
245.000 -28.10 58.66
246.000 -28.08 58.62
247.000 -28.08 58.64
248.000 -28.06 58.66
249.000 -28.04 58.61
250.000 -27.96 58.62
251.000 -27.96 58.60
252.000 -27.84 58.60
253.000 -27.81 58.65
254.000 -27.70 58.67
255.000 -27.35 58.68
256.000 -27.24 58.68
257.000 -27.14 58.66
258.000 -27.05 58.65
259.000 -26.96 58.63
260.000 -26.88 58.70
261.000 -26.75 58.80
262.000 -26.45 58.76
263.000 -26.31 58.83
264.000 -26.24 58.72
265.000 -26.22 58.76
266.000 -26.11 58.78
267.000 -26.10 58.79
268.000 -26.05 58.75
269.000 -25.99 58.76
270.000 -25.85 58.78
271.000 -25.83 58.83
272.000 -25.78 58.81
273.000 -25.77 58.78
274.000 -25.73 58.69
275.000 -25.35 58.71
276.000 -25.12 58.76
277.000 -25.11 58.76
278.000 -25.06 58.84
279.000 -25.00 58.87
280.000 -24.95 58.82
281.000 -24.90 58.87
282.000 -24.78 58.86
283.000 -24.77 58.89
284.000 -24.70 58.77
285.000 -24.48 58.81
286.000 -24.38 58.84
287.000 -24.35 58.78
288.000 -24.24 58.81
289.000 -24.23 58.87
290.000 -24.16 58.79
291.000 -24.09 58.84
292.000 -24.04 58.81
293.000 -23.99 58.84
294.000 -23.94 58.83
295.000 -23.91 58.78
296.000 -23.81 58.81
297.000 -23.78 58.79
298.000 -23.76 58.84
299.000 -23.68 58.62
300.000 -23.28 58.66
301.000 -23.16 58.68
302.000 -23.20 58.68
303.000 -23.06 58.69
304.000 -23.02 58.73
305.000 -22.97 58.67
306.000 -22.88 58.73
307.000 -22.83 58.68
308.000 -22.68 58.69
309.000 -22.44 58.73
310.000 -22.37 58.70
311.000 -22.26 58.75
312.000 -22.10 58.73
313.000 -22.12 58.75
314.000 -22.08 58.83
315.000 -22.13 58.75
316.000 -22.00 58.86
317.000 -22.00 58.83
318.000 -21.98 58.82
319.000 -21.89 58.85
320.000 -21.84 58.83
321.000 -21.86 58.81
322.000 -21.78 58.81
323.000 -21.75 58.61
324.000 -21.23 58.77
325.000 -21.22 58.74
326.000 -21.10 58.75
327.000 -21.13 58.73
328.000 -21.01 58.73
329.000 -21.05 58.75
330.000 -21.01 58.72
331.000 -21.05 58.75
332.000 -21.05 58.73
333.000 -20.95 58.72
334.000 -20.94 58.67
335.000 -20.85 58.68
336.000 -20.72 58.62
337.000 -20.48 58.63
338.000 -20.41 58.61
339.000 -20.34 58.64
340.000 -20.36 58.63
341.000 -20.37 58.63
342.000 -20.27 58.65
343.000 -20.31 58.62
344.000 -20.25 58.68
345.000 -20.27 58.65
346.000 -20.24 58.64
347.000 -20.17 58.66
348.000 -20.13 58.69
349.000 -20.16 58.69
350.000 -20.13 58.67
351.000 -20.14 58.66
352.000 -20.16 58.67
353.000 -20.13 58.66
354.000 -20.11 58.67
355.000 -20.08 58.69
356.000 -20.03 58.65
357.000 -20.02 58.69
358.000 -20.04 58.68
359.000 -20.03 58.70
360.000 -19.87 58.78
361.000 -19.91 58.71
362.000 -19.93 58.73
363.000 -19.84 58.71
364.000 -19.89 58.70
365.000 -19.88 58.73
366.000 -19.82 58.72
367.000 -19.84 58.74
368.000 -19.86 58.71
369.000 -19.88 58.74
370.000 -19.81 58.72
371.000 -19.81 58.71
372.000 -19.85 58.71
373.000 -19.79 58.75
374.000 -19.80 58.72
375.000 -19.83 58.75
376.000 -19.86 58.71
377.000 -19.81 58.76
378.000 -19.80 58.72
379.000 -19.85 58.75
380.000 -19.81 58.73
381.000 -19.80 58.74
382.000 -19.82 58.73
383.000 -19.82 58.74
384.000 -19.81 58.66
385.000 -19.82 58.73
386.000 -19.80 58.71
387.000 -19.80 58.72
388.000 -19.84 58.70
389.000 -19.89 58.73
390.000 -19.85 58.74
391.000 -19.83 58.70
392.000 -19.86 58.77
393.000 -19.97 58.73
394.000 -19.94 58.72
395.000 -19.92 58.72
396.000 -19.99 58.68
397.000 -20.01 58.69
398.000 -19.99 58.68
399.000 -20.05 58.62
400.000 -20.04 58.68
401.000 -20.05 58.68
402.000 -20.08 58.68
403.000 -20.10 58.68
404.000 -20.15 58.66
405.000 -20.11 58.69
406.000 -20.18 58.66
407.000 -20.16 58.64
408.000 -20.26 58.74
409.000 -20.26 58.69
410.000 -20.24 58.67
411.000 -20.30 58.67
412.000 -20.26 58.69
413.000 -20.30 58.66
414.000 -20.36 58.70
415.000 -20.34 58.70
416.000 -20.35 58.71
417.000 -20.41 58.63
418.000 -20.38 58.66
419.000 -20.42 58.63
420.000 -20.53 58.64
421.000 -20.50 58.61
422.000 -20.53 58.60
423.000 -20.54 58.60
424.000 -20.52 58.58
425.000 -20.53 58.62
426.000 -20.56 58.61
427.000 -20.58 58.60
428.000 -20.61 58.65
429.000 -20.70 58.63
430.000 -20.73 58.63
431.000 -20.70 58.60
432.000 -20.92 58.77
433.000 -21.25 58.73
434.000 -21.39 58.72
435.000 -21.44 58.70
436.000 -21.49 58.70
437.000 -21.53 58.68
438.000 -21.55 58.70
439.000 -21.62 58.69
440.000 -21.64 58.68
441.000 -21.63 58.70
442.000 -21.72 58.64
443.000 -21.70 58.74
444.000 -21.87 58.75
445.000 -22.18 58.71
446.000 -22.25 58.75
447.000 -22.34 58.70
448.000 -22.38 58.73
449.000 -22.39 58.72
450.000 -22.45 58.72
451.000 -22.50 58.71
452.000 -22.55 58.66
453.000 -22.62 58.69
454.000 -22.71 58.62
455.000 -22.73 58.61
456.000 -22.82 58.70
457.000 -23.20 58.69
458.000 -23.28 58.71
459.000 -23.32 58.67
460.000 -23.37 58.68
461.000 -23.44 58.70
462.000 -23.49 58.66
463.000 -23.55 58.70
464.000 -23.63 58.72
465.000 -23.66 58.73
466.000 -23.74 58.79
467.000 -23.80 58.83
468.000 -24.27 58.81
469.000 -24.31 58.86
470.000 -24.30 58.80
471.000 -24.32 58.86
472.000 -24.38 58.80
473.000 -24.42 58.77
474.000 -24.43 58.79
475.000 -24.42 58.79
476.000 -24.47 58.79
477.000 -24.54 58.76
478.000 -24.57 58.74
479.000 -24.59 58.70
480.000 -24.74 58.62
481.000 -24.65 58.69
482.000 -24.70 58.67
483.000 -24.68 58.63
484.000 -24.70 58.63
485.000 -24.74 58.61
486.000 -24.78 58.78
487.000 -25.26 58.75
488.000 -25.40 58.75
489.000 -25.41 58.78
490.000 -25.48 58.79
491.000 -25.62 58.79
492.000 -25.71 58.81
493.000 -25.71 58.79
494.000 -25.78 58.77
495.000 -26.05 58.72
496.000 -26.24 58.76
497.000 -26.26 58.72
498.000 -26.26 58.72
499.000 -26.31 58.71
500.000 -26.41 58.71
501.000 -26.45 58.72
502.000 -26.54 58.67
503.000 -26.61 58.66
504.000 -26.79 58.65
505.000 -27.16 58.62
506.000 -27.21 58.63
507.000 -27.32 58.67
508.000 -27.38 58.63
509.000 -27.38 58.69
510.000 -27.43 58.60
511.000 -27.46 58.64
512.000 -27.53 58.65
513.000 -27.55 58.64
514.000 -27.58 58.66
515.000 -27.61 58.61
516.000 -27.77 58.65
517.000 -28.04 58.68
518.000 -28.12 58.64
519.000 -28.12 58.63
520.000 -28.11 58.62
521.000 -28.12 58.64
522.000 -28.16 58.66
523.000 -28.20 58.68
524.000 -28.24 58.71
525.000 -28.26 58.66
526.000 -28.29 58.72
527.000 -28.29 58.76
528.000 -28.45 58.77
529.000 -28.43 58.77
530.000 -28.45 58.78
531.000 -28.47 58.76
532.000 -28.48 58.79
533.000 -28.62 58.74
534.000 -28.62 58.77
535.000 -28.65 58.77
536.000 -28.62 58.74
537.000 -28.62 58.76
538.000 -28.67 58.71
539.000 -28.68 58.71
540.000 -28.79 58.85
541.000 -29.10 58.79
542.000 -29.16 58.80
543.000 -29.19 58.80
544.000 -29.24 58.77
545.000 -29.26 58.79
546.000 -29.26 58.76
547.000 -29.27 58.79
548.000 -29.29 58.81
549.000 -29.28 58.80
550.000 -29.29 58.82
551.000 -29.27 58.81
552.000 -29.37 58.81
553.000 -29.35 58.82
554.000 -29.35 58.82
555.000 -29.33 58.83
556.000 -29.32 58.82
557.000 -29.33 58.84
558.000 -29.34 58.82
559.000 -29.34 58.81
560.000 -29.36 58.83
561.000 -29.33 58.80
562.000 -29.32 58.82
563.000 -29.34 58.81
564.000 -29.27 58.76
565.000 -29.32 58.78
566.000 -29.34 58.81
567.000 -29.30 58.83
568.000 -29.31 58.75
569.000 -29.29 58.77
570.000 -29.31 58.78
571.000 -29.31 58.78
572.000 -29.29 58.76
573.000 -29.30 58.81
574.000 -29.29 58.73
575.000 -29.32 58.81
576.000 -29.32 58.82
577.000 -29.32 58.81
578.000 -29.34 58.83
579.000 -29.34 58.80
580.000 -29.31 58.83
581.000 -29.33 58.81
582.000 -29.27 58.82
583.000 -29.26 58.82
584.000 -29.26 58.77
585.000 -29.27 58.82
586.000 -29.27 58.79
587.000 -29.24 58.81
588.000 -29.15 58.82
589.000 -29.20 58.75
590.000 -29.22 58.81
591.000 -29.24 58.78
592.000 -29.23 58.77
593.000 -29.16 58.78
594.000 -29.07 58.79
595.000 -29.06 58.80
596.000 -29.02 58.79
597.000 -29.00 58.81
598.000 -28.98 58.79
599.000 -28.93 58.77
600.000 -28.74 58.78
601.000 -28.46 58.76
602.000 -28.40 58.75
603.000 -28.38 58.75
604.000 -28.35 58.66
605.000 -28.33 58.74
606.000 -28.32 58.72
607.000 -28.26 58.67
608.000 -28.20 58.66
609.000 -28.20 58.62
610.000 -28.19 58.65
611.000 -28.15 58.66
612.000 -28.09 58.64
613.000 -28.03 58.65
614.000 -28.08 58.62
615.000 -28.04 58.64
616.000 -28.02 58.61
617.000 -27.98 58.63
618.000 -27.96 58.63
619.000 -27.96 58.59
620.000 -27.87 58.60
621.000 -27.82 58.60
622.000 -27.76 58.57
623.000 -27.72 58.68
624.000 -27.28 58.68
625.000 -27.23 58.63
626.000 -27.14 58.69
627.000 -27.03 58.67
628.000 -27.00 58.70
629.000 -26.91 58.65
630.000 -26.80 58.74
631.000 -26.75 58.71
632.000 -26.40 58.72
633.000 -26.35 58.76
634.000 -26.26 58.77
635.000 -26.22 58.71
636.000 -26.15 58.85
637.000 -26.13 58.72
638.000 -26.12 58.77
639.000 -25.99 58.77
640.000 -26.00 58.74
641.000 -25.88 58.80
642.000 -25.90 58.78
643.000 -25.76 58.81
644.000 -25.68 58.72
645.000 -25.43 58.67
646.000 -25.30 58.71
647.000 -25.24 58.69
648.000 -25.08 58.73
649.000 -25.04 58.79
650.000 -25.11 58.80
651.000 -24.91 58.86
652.000 -24.94 58.83
653.000 -24.88 58.87
654.000 -24.90 58.87
655.000 -24.80 58.80
656.000 -24.77 58.89
657.000 -24.75 58.73
658.000 -24.48 58.82
659.000 -24.41 58.81
660.000 -24.35 58.81
661.000 -24.31 58.85
662.000 -24.29 58.79
663.000 -24.22 58.75
664.000 -24.19 58.82
665.000 -24.14 58.78
666.000 -24.02 58.83
667.000 -23.98 58.79
668.000 -23.94 58.83
669.000 -23.79 58.83
670.000 -23.81 58.79
671.000 -23.79 58.82
672.000 -23.65 58.64
673.000 -23.38 58.61
674.000 -23.30 58.69
675.000 -23.24 58.66
676.000 -23.12 58.65
677.000 -23.15 58.65
678.000 -23.12 58.66
679.000 -23.04 58.73
680.000 -23.01 58.62
681.000 -22.89 58.74
682.000 -22.74 58.63
683.000 -22.47 58.63
684.000 -22.27 58.76
685.000 -22.26 58.68
686.000 -22.16 58.72
687.000 -22.18 58.74
688.000 -22.16 58.72
689.000 -22.10 58.78
690.000 -22.14 58.73
691.000 -22.04 58.78
692.000 -21.99 58.80
693.000 -22.03 58.80
694.000 -21.98 58.86
695.000 -21.94 58.77
696.000 -21.84 58.82
697.000 -21.86 58.88
698.000 -21.80 58.78
699.000 -21.74 58.65
700.000 -21.39 58.65
701.000 -21.26 58.72
702.000 -21.25 58.73
703.000 -21.12 58.67
704.000 -21.09 58.77
705.000 -21.05 58.72
706.000 -21.08 58.68
707.000 -21.06 58.74
708.000 -20.91 58.73
709.000 -20.95 58.70
710.000 -20.92 58.72
711.000 -20.89 58.68
712.000 -20.79 58.64
713.000 -20.78 58.65
714.000 -20.78 58.70
715.000 -20.76 58.68
716.000 -20.77 58.69
717.000 -20.72 58.68
718.000 -20.49 58.62
719.000 -20.39 58.68
720.000 -20.26 58.76
721.000 -20.32 58.63
722.000 -20.27 58.72
723.000 -20.26 58.66
724.000 -20.26 58.67
725.000 -20.22 58.71
726.000 -20.21 58.64
727.000 -20.17 58.69
728.000 -20.16 58.66
729.000 -20.15 58.67
730.000 -20.05 58.68
731.000 -20.13 58.66
732.000 -20.06 58.70
733.000 -20.04 58.70
734.000 -20.04 58.67
735.000 -19.99 58.73
736.000 -20.03 58.65
737.000 -20.00 58.70
738.000 -19.94 58.69
739.000 -19.94 58.69
740.000 -19.93 58.75
741.000 -19.93 58.68
742.000 -19.92 58.72
743.000 -19.96 58.70
744.000 -19.93 58.63
745.000 -19.92 58.73
746.000 -19.85 58.66
747.000 -19.84 58.72
748.000 -19.86 58.73
749.000 -19.85 58.69
750.000 -19.85 58.76
751.000 -19.83 58.71
752.000 -19.86 58.75
753.000 -19.83 58.72
754.000 -19.85 58.74
755.000 -19.82 58.74
756.000 -19.92 58.65
757.000 -19.93 58.66
758.000 -19.87 58.74
759.000 -19.85 58.64
760.000 -19.84 58.75
761.000 -19.81 58.64
762.000 -19.80 58.69
763.000 -19.82 58.69
764.000 -19.89 58.69
765.000 -19.86 58.71
766.000 -19.95 58.69
767.000 -19.94 58.72
768.000 -19.96 58.77
769.000 -19.97 58.63
770.000 -19.95 58.73
771.000 -19.95 58.67
772.000 -19.94 58.73
773.000 -20.01 58.70
774.000 -19.99 58.69
775.000 -20.05 58.69
776.000 -20.06 58.66
777.000 -20.06 58.72
778.000 -20.06 58.69
779.000 -20.12 58.67
780.000 -20.12 58.67
781.000 -20.12 58.67
782.000 -20.13 58.64
783.000 -20.09 58.69
784.000 -20.18 58.65
785.000 -20.15 58.70
786.000 -20.20 58.69
787.000 -20.23 58.68
788.000 -20.24 58.69
789.000 -20.27 58.63
790.000 -20.25 58.67
791.000 -20.30 58.70
792.000 -20.42 58.59
793.000 -20.35 58.69
794.000 -20.36 58.63
795.000 -20.40 58.65
796.000 -20.44 58.65
797.000 -20.46 58.60
798.000 -20.42 58.65
799.000 -20.51 58.58
800.000 -20.53 58.62
801.000 -20.54 58.62
802.000 -20.56 58.63
803.000 -20.55 58.63
804.000 -20.61 58.58
805.000 -20.60 58.57
806.000 -20.66 58.59
807.000 -20.64 58.53
808.000 -20.67 58.62
809.000 -20.71 58.57
810.000 -20.74 58.56
811.000 -20.78 58.80
812.000 -21.21 58.65
813.000 -21.28 58.74
814.000 -21.37 58.67
815.000 -21.44 58.69
816.000 -21.58 58.72
817.000 -21.56 58.66
818.000 -21.62 58.70
819.000 -21.63 58.66
820.000 -21.71 58.68
821.000 -21.69 58.72
822.000 -21.72 58.66
823.000 -21.75 58.75
824.000 -21.84 58.76
825.000 -22.25 58.69
826.000 -22.30 58.71
827.000 -22.35 58.70
828.000 -22.46 58.72
829.000 -22.43 58.68
830.000 -22.54 58.66
831.000 -22.66 58.64
832.000 -22.65 58.53
833.000 -22.73 58.60
834.000 -22.68 58.57
835.000 -22.74 58.52
836.000 -22.77 58.77
837.000 -23.14 58.66
838.000 -23.22 58.68
839.000 -23.28 58.66
840.000 -23.48 58.66
841.000 -23.45 58.69
842.000 -23.41 58.69
843.000 -23.50 58.70
844.000 -23.47 58.71
845.000 -23.61 58.70
846.000 -23.61 58.73
847.000 -23.70 58.71
848.000 -23.79 58.88
849.000 -24.17 58.78
850.000 -24.24 58.77
851.000 -24.28 58.85
852.000 -24.42 58.89
853.000 -24.39 58.81
854.000 -24.41 58.81
855.000 -24.41 58.79
856.000 -24.42 58.83
857.000 -24.47 58.75
858.000 -24.49 58.80
859.000 -24.52 58.78
860.000 -24.56 58.74
861.000 -24.57 58.75
862.000 -24.58 58.69
863.000 -24.62 58.72
864.000 -24.71 58.63
865.000 -24.72 58.62
866.000 -24.74 58.66
867.000 -24.74 58.66
868.000 -24.87 58.73
869.000 -25.27 58.76
870.000 -25.38 58.70
871.000 -25.37 58.76
872.000 -25.49 58.76
873.000 -25.55 58.74
874.000 -25.57 58.78
875.000 -25.64 58.73
876.000 -25.74 58.85
877.000 -25.78 58.73
878.000 -26.13 58.68
879.000 -26.18 58.77
880.000 -26.25 58.70
881.000 -26.22 58.73
882.000 -26.27 58.71
883.000 -26.28 58.68
884.000 -26.35 58.76
885.000 -26.41 58.65
886.000 -26.46 58.67
887.000 -26.45 58.68
888.000 -26.77 58.58
889.000 -26.99 58.69
890.000 -27.05 58.68
891.000 -27.20 58.63
892.000 -27.24 58.66
893.000 -27.28 58.60
894.000 -27.30 58.68
895.000 -27.38 58.62
896.000 -27.39 58.66
897.000 -27.41 58.66
898.000 -27.50 58.61
899.000 -27.54 58.67
900.000 -27.65 58.67
901.000 -27.63 58.62
902.000 -27.64 58.67
903.000 -27.64 58.66
904.000 -27.61 58.63
905.000 -27.66 58.64
906.000 -27.71 58.62
907.000 -27.65 58.64
908.000 -27.77 58.62
909.000 -28.04 58.62
910.000 -28.14 58.64
911.000 -28.15 58.64
912.000 -28.24 58.72
913.000 -28.18 58.64
914.000 -28.23 58.64
915.000 -28.24 58.67
916.000 -28.26 58.66
917.000 -28.28 58.67
918.000 -28.29 58.66
919.000 -28.31 58.72
920.000 -28.31 58.71
921.000 -28.31 58.69
922.000 -28.34 58.73
923.000 -28.35 58.71
924.000 -28.41 58.70
925.000 -28.42 58.75
926.000 -28.45 58.72
927.000 -28.47 58.76
928.000 -28.50 58.77
929.000 -28.50 58.79
930.000 -28.49 58.76
931.000 -28.49 58.71
932.000 -28.51 58.78
933.000 -28.52 58.74
934.000 -28.53 58.77
935.000 -28.50 58.78
936.000 -28.50 58.67
937.000 -28.51 58.76
938.000 -28.55 58.73
939.000 -28.57 58.72
940.000 -28.54 58.74
941.000 -28.55 58.70
942.000 -28.54 58.74
943.000 -28.52 58.72
944.000 -28.55 58.71
945.000 -28.55 58.77
946.000 -28.55 58.73
947.000 -28.54 58.80
948.000 -28.55 58.78
949.000 -28.57 58.73
950.000 -28.53 58.79
951.000 -28.50 58.70
952.000 -28.51 58.77
953.000 -28.52 58.76
954.000 -28.49 58.70
955.000 -28.51 58.76
956.000 -28.49 58.68
957.000 -28.48 58.75
958.000 -28.48 58.75
959.000 -28.46 58.71
960.000 -28.38 58.80
961.000 -28.37 58.72
962.000 -28.36 58.75
963.000 -28.33 58.76
964.000 -28.37 58.70
965.000 -28.37 58.74
966.000 -28.38 58.70
967.000 -28.32 58.69
968.000 -28.33 58.74
969.000 -28.31 58.65
970.000 -28.33 58.73
971.000 -28.30 58.65
972.000 -28.22 58.62
973.000 -28.17 58.71
974.000 -28.18 58.63
975.000 -28.20 58.70
976.000 -28.18 58.64
977.000 -28.10 58.62
978.000 -28.12 58.67
979.000 -28.11 58.63
980.000 -28.08 58.66
981.000 -28.06 58.62
982.000 -28.06 58.64
983.000 -28.04 58.67
984.000 -28.02 58.56
985.000 -28.02 58.61
986.000 -27.95 58.61
987.000 -27.95 58.59
988.000 -27.95 58.66
989.000 -27.92 58.60
990.000 -27.89 58.60
991.000 -27.86 58.57
992.000 -27.83 58.59
993.000 -27.79 58.62
994.000 -27.73 58.65
995.000 -27.37 58.67
996.000 -27.25 58.69
997.000 -27.15 58.59
998.000 -27.12 58.69
999.000 -27.04 58.65
1000.000 -27.00 58.67
1001.000 -26.88 58.73
1002.000 -26.89 58.73
1003.000 -26.74 58.78
1004.000 -26.45 58.71
1005.000 -26.38 58.68
1006.000 -26.34 58.72
1007.000 -26.31 58.68
1008.000 -26.19 58.77
1009.000 -26.24 58.75
1010.000 -26.19 58.69
1011.000 -26.14 58.76
1012.000 -26.16 58.69
1013.000 -26.14 58.78
1014.000 -26.15 58.77
1015.000 -26.04 58.74
1016.000 -26.03 58.80
1017.000 -25.98 58.72
1018.000 -25.79 58.75
1019.000 -25.83 58.79
1020.000 -25.63 58.69
1021.000 -25.34 58.75
1022.000 -25.23 58.71
1023.000 -25.27 58.73
1024.000 -25.23 58.72
1025.000 -25.26 58.74
1026.000 -25.19 58.77
1027.000 -25.16 58.75
1028.000 -25.05 58.80
1029.000 -25.06 58.80
1030.000 -25.01 58.85
1031.000 -24.97 58.85
1032.000 -24.78 58.87
1033.000 -24.81 58.85
1034.000 -24.78 58.86
1035.000 -24.74 58.70
1036.000 -24.45 58.81
1037.000 -24.42 58.74
1038.000 -24.35 58.79
1039.000 -24.31 58.84
1040.000 -24.31 58.76
1041.000 -24.25 58.82
1042.000 -24.23 58.77
1043.000 -24.16 58.81
1044.000 -24.04 58.88
1045.000 -24.04 58.77
1046.000 -23.96 58.88
1047.000 -23.92 58.81
1048.000 -23.85 58.79
1049.000 -23.81 58.85
1050.000 -23.85 58.78
1051.000 -23.80 58.80
1052.000 -23.77 58.79
1053.000 -23.65 58.62
1054.000 -23.34 58.68
1055.000 -23.26 58.66
1056.000 -23.14 58.73
1057.000 -23.16 58.71
1058.000 -23.10 58.66
1059.000 -23.01 58.78
1060.000 -23.00 58.65
1061.000 -22.99 58.76
1062.000 -22.92 58.70
1063.000 -22.83 58.70
1064.000 -22.77 58.74
1065.000 -22.71 58.65
1066.000 -22.43 58.76
1067.000 -22.34 58.75
1068.000 -22.17 58.66
1069.000 -22.17 58.78
1070.000 -22.14 58.72
1071.000 -22.11 58.76
1072.000 -22.13 58.78
1073.000 -22.11 58.73
1074.000 -21.96 58.88
1075.000 -22.04 58.72
1076.000 -21.99 58.79
1077.000 -21.94 58.79
1078.000 -21.90 58.79
1079.000 -21.87 58.85
1080.000 -21.87 58.81
1081.000 -21.85 58.82
1082.000 -21.81 58.86
1083.000 -21.83 58.80
1084.000 -21.76 58.87
1085.000 -21.82 58.76
1086.000 -21.70 58.64
1087.000 -21.39 58.70
1088.000 -21.26 58.65
1089.000 -21.25 58.71
1090.000 -21.17 58.70
1091.000 -21.21 58.69
1092.000 -21.07 58.84
1093.000 -21.11 58.64
1094.000 -21.13 58.73
1095.000 -21.06 58.69
1096.000 -21.05 58.72
1097.000 -21.01 58.76
1098.000 -21.06 58.67
1099.000 -21.00 58.75
1100.000 -20.98 58.72
1101.000 -20.94 58.68
1102.000 -20.88 58.73
1103.000 -20.88 58.67
1104.000 -20.83 58.67
1105.000 -20.81 58.64
1106.000 -20.79 58.61
1107.000 -20.79 58.65
1108.000 -20.79 58.67
1109.000 -20.79 58.63
1110.000 -20.76 58.63
1111.000 -20.49 58.61
1112.000 -20.38 58.68
1113.000 -20.38 58.63
1114.000 -20.39 58.65
1115.000 -20.38 58.67
1116.000 -20.33 58.61
1117.000 -20.35 58.68
1118.000 -20.36 58.62
1119.000 -20.37 58.66
1120.000 -20.29 58.67
1121.000 -20.35 58.65
1122.000 -20.32 58.69
1123.000 -20.35 58.66
1124.000 -20.33 58.70
1125.000 -20.31 58.70
1126.000 -20.32 58.67
1127.000 -20.31 58.70
1128.000 -20.33 58.66
1129.000 -20.32 58.66
1130.000 -20.31 58.70
1131.000 -20.30 58.66
1132.000 -20.33 58.67
1133.000 -20.32 58.68
1134.000 -20.34 58.69
1135.000 -20.30 58.69
1136.000 -20.35 58.65
1137.000 -20.34 58.72
1138.000 -20.33 58.70
1139.000 -20.31 58.66
1140.000 -20.31 58.74
1141.000 -20.38 58.65
1142.000 -20.37 58.67
1143.000 -20.38 58.68
1144.000 -20.38 58.67
1145.000 -20.37 58.69
1146.000 -20.40 58.61
1147.000 -20.42 58.67
1148.000 -20.40 58.62
1149.000 -20.41 58.64
1150.000 -20.45 58.66
1151.000 -20.41 58.59
1152.000 -20.44 58.68
1153.000 -20.45 58.64
1154.000 -20.45 58.56
1155.000 -20.43 58.65
1156.000 -20.52 58.55
1157.000 -20.49 58.61
1158.000 -20.48 58.62
1159.000 -20.56 58.56
1160.000 -20.52 58.63
1161.000 -20.59 58.52
1162.000 -20.54 58.58
1163.000 -20.64 58.56
1164.000 -20.70 58.50
1165.000 -20.70 58.57
1166.000 -20.64 58.53
1167.000 -20.69 58.57
1168.000 -20.70 58.62
1169.000 -20.70 58.52
1170.000 -20.75 58.60
1171.000 -20.82 58.71
1172.000 -21.16 58.71
1173.000 -21.21 58.74
1174.000 -21.30 58.68
1175.000 -21.35 58.75
1176.000 -21.45 58.71
1177.000 -21.45 58.68
1178.000 -21.45 58.73
1179.000 -21.49 58.67
1180.000 -21.53 58.74
1181.000 -21.55 58.66
1182.000 -21.60 58.64
1183.000 -21.59 58.75
1184.000 -21.63 58.67
1185.000 -21.61 58.75
1186.000 -21.64 58.72
1187.000 -21.71 58.65
1188.000 -21.72 58.81
1189.000 -21.73 58.65
1190.000 -21.75 58.73
1191.000 -21.76 58.79
1192.000 -22.26 58.63
1193.000 -22.30 58.76
1194.000 -22.34 58.67
1195.000 -22.40 58.69
1196.000 -22.45 58.65
1197.000 -22.43 58.65
1198.000 -22.46 58.69
1199.000 -22.51 58.61
1200.000 -22.67 58.58
1201.000 -22.63 58.65
1202.000 -22.74 58.53
1203.000 -22.77 58.78
1204.000 -23.10 58.67
1205.000 -23.19 58.68
1206.000 -23.24 58.68
1207.000 -23.22 58.66
1208.000 -23.30 58.72
1209.000 -23.35 58.67
1210.000 -23.36 58.73
1211.000 -23.39 58.72
1212.000 -23.59 58.65
1213.000 -23.56 58.70
1214.000 -23.55 58.73
1215.000 -23.63 58.68
1216.000 -23.61 58.80
1217.000 -23.81 58.79
1218.000 -24.12 58.82
1219.000 -24.26 58.76
1220.000 -24.26 58.79
1221.000 -24.30 58.83
1222.000 -24.31 58.76
1223.000 -24.32 58.84
1224.000 -24.43 58.87
1225.000 -24.42 58.75
1226.000 -24.40 58.89
1227.000 -24.43 58.70
1228.000 -24.44 58.79
1229.000 -24.44 58.78
1230.000 -24.48 58.76
1231.000 -24.49 58.78
1232.000 -24.55 58.67
1233.000 -24.56 58.74
1234.000 -24.57 58.69
1235.000 -24.59 58.70
1236.000 -24.73 58.73
1237.000 -24.76 58.75
1238.000 -25.06 58.75
1239.000 -25.25 58.75
1240.000 -25.27 58.69
1241.000 -25.32 58.76
1242.000 -25.32 58.73
1243.000 -25.35 58.75
1244.000 -25.39 58.75
1245.000 -25.51 58.72
1246.000 -25.47 58.82
1247.000 -25.55 58.78
1248.000 -25.70 58.77
1249.000 -25.66 58.81
1250.000 -25.71 58.72
1251.000 -25.74 58.83
1252.000 -25.73 58.74
1253.000 -25.77 58.68
1254.000 -26.16 58.78
1255.000 -26.18 58.68
1256.000 -26.25 58.76
1257.000 -26.25 58.73
1258.000 -26.31 58.70
1259.000 -26.33 58.75
1260.000 -26.44 58.61
1261.000 -26.41 58.71
1262.000 -26.39 58.70
1263.000 -26.51 58.64
1264.000 -26.45 58.72
1265.000 -26.56 58.57
1266.000 -26.59 58.69
1267.000 -26.62 58.64
1268.000 -26.62 58.62
1269.000 -26.65 58.71
1270.000 -26.77 58.60
1271.000 -27.17 58.63
1272.000 -27.36 58.71
1273.000 -27.42 58.45
1274.000 -27.39 58.79
1275.000 -27.45 58.65
1276.000 -27.43 58.67
1277.000 -27.46 58.66
1278.000 -27.60 58.58
1279.000 -27.50 58.72
1280.000 -27.54 58.63
1281.000 -27.50 58.62
1282.000 -27.52 58.66
1283.000 -27.57 58.60
1284.000 -27.61 58.71
1285.000 -27.67 58.62
1286.000 -27.65 58.61
1287.000 -27.62 58.65
1288.000 -27.71 58.58
1289.000 -27.66 58.70
1290.000 -27.69 58.61
1291.000 -27.70 58.63
1292.000 -27.70 58.65
1293.000 -27.73 58.61
1294.000 -27.72 58.68
1295.000 -27.74 58.58
1296.000 -27.80 58.68
1297.000 -28.08 58.73
1298.000 -28.14 58.58
1299.000 -28.19 58.69
1300.000 -28.18 58.65
1301.000 -28.20 58.67
1302.000 -28.21 58.70
1303.000 -28.21 58.58
1304.000 -28.29 58.72
1305.000 -28.28 58.62
1306.000 -28.24 58.63
1307.000 -28.25 58.68
1308.000 -28.31 58.62
1309.000 -28.31 58.73
1310.000 -28.26 58.67
1311.000 -28.27 58.65
1312.000 -28.23 58.75
1313.000 -28.29 58.63
1314.000 -28.23 58.71
1315.000 -28.25 58.68
1316.000 -28.23 58.63
1317.000 -28.24 58.72
1318.000 -28.25 58.65
1319.000 -28.27 58.74
1320.000 -28.23 58.76
1321.000 -28.26 58.64
1322.000 -28.22 58.76
1323.000 -28.25 58.64
1324.000 -28.21 58.66
1325.000 -28.23 58.67
1326.000 -28.22 58.63
1327.000 -28.22 58.70
1328.000 -28.21 58.60
1329.000 -28.20 58.66
1330.000 -28.21 58.70
1331.000 -28.22 58.60
1332.000 -28.17 58.73
1333.000 -28.14 58.64
1334.000 -28.15 58.63
1335.000 -28.11 58.65
1336.000 -28.15 58.58
1337.000 -28.10 58.66
1338.000 -28.10 58.58
1339.000 -28.07 58.59
1340.000 -28.05 58.67
1341.000 -28.11 58.60
1342.000 -28.00 58.63
1343.000 -28.04 58.61
1344.000 -27.99 58.55
1345.000 -27.99 58.69
1346.000 -27.99 58.58
1347.000 -28.01 58.64
1348.000 -28.00 58.62
1349.000 -28.00 58.61
1350.000 -27.95 58.62
1351.000 -27.95 58.57
1352.000 -27.91 58.64
1353.000 -27.96 58.58
1354.000 -27.93 58.58
1355.000 -27.86 58.60
1356.000 -27.86 58.62
1357.000 -27.77 58.64
1358.000 -27.82 58.66
1359.000 -27.79 58.60
1360.000 -27.68 58.75
1361.000 -27.42 58.62
1362.000 -27.28 58.66
1363.000 -27.23 58.66
1364.000 -27.18 58.62
1365.000 -27.14 58.74
1366.000 -27.12 58.60
1367.000 -26.99 58.66
1368.000 -26.83 58.73
1369.000 -26.89 58.64
1370.000 -26.80 58.80
1371.000 -26.77 58.65
1372.000 -26.76 58.66
1373.000 -26.69 58.70
1374.000 -26.37 58.64
1375.000 -26.29 58.75
1376.000 -26.34 58.63
1377.000 -26.24 58.70
1378.000 -26.25 58.75
1379.000 -26.24 58.68
1380.000 -26.21 58.83
1381.000 -26.21 58.76
1382.000 -26.21 58.70
1383.000 -26.16 58.79
1384.000 -26.14 58.70
1385.000 -26.09 58.78
1386.000 -26.03 58.74
1387.000 -25.98 58.78
1388.000 -25.91 58.77
1389.000 -25.89 58.74
1390.000 -25.78 58.81
1391.000 -25.77 58.77
1392.000 -25.61 58.67
1393.000 -25.35 58.74
1394.000 -25.25 58.71
1395.000 -25.22 58.74
1396.000 -25.21 58.77
1397.000 -25.16 58.75
1398.000 -25.11 58.79
1399.000 -25.13 58.76
1400.000 -25.13 58.83
1401.000 -25.10 58.82
1402.000 -25.02 58.83
1403.000 -25.00 58.86
1404.000 -24.83 58.85
1405.000 -24.87 58.86
1406.000 -24.79 58.82
1407.000 -24.84 58.79
1408.000 -24.76 58.91
1409.000 -24.69 58.77
1410.000 -24.47 58.80
1411.000 -24.41 58.78
1412.000 -24.38 58.76
1413.000 -24.32 58.86
1414.000 -24.32 58.74
1415.000 -24.31 58.80
1416.000 -24.23 58.91
1417.000 -24.26 58.73
1418.000 -24.17 58.81
1419.000 -24.14 58.79
1420.000 -24.12 58.76
1421.000 -24.06 58.83
1422.000 -24.05 58.78
1423.000 -23.97 58.85
1424.000 -24.03 58.81
1425.000 -23.86 58.83
1426.000 -23.81 58.84
1427.000 -23.85 58.79
1428.000 -23.72 58.67
1429.000 -23.42 58.69
1430.000 -23.37 58.66
1431.000 -23.34 58.71
1432.000 -23.27 58.64
1433.000 -23.24 58.67
1434.000 -23.20 58.67
1435.000 -23.17 58.70
1436.000 -23.17 58.69
1437.000 -23.11 58.69
1438.000 -22.98 58.79
1439.000 -22.98 58.69
1440.000 -22.82 58.65
1441.000 -22.78 58.82
1442.000 -22.72 58.65
1443.000 -22.46 58.76
1444.000 -22.34 58.75
1445.000 -22.33 58.66
1446.000 -22.26 58.79
1447.000 -22.27 58.67
1448.000 -22.17 58.74
1449.000 -22.17 58.73
1450.000 -22.14 58.72
1451.000 -22.12 58.80
1452.000 -22.08 58.78
1453.000 -22.08 58.79
1454.000 -22.04 58.85
1455.000 -22.02 58.76
1456.000 -21.96 58.85
1457.000 -21.94 58.80
1458.000 -21.91 58.81
1459.000 -21.87 58.82
1460.000 -21.90 58.79
1461.000 -21.88 58.88
1462.000 -21.81 58.82
1463.000 -21.90 58.79
1464.000 -21.77 58.90
1465.000 -21.78 58.74
1466.000 -21.82 58.86
1467.000 -21.76 58.62
1468.000 -21.40 58.66
1469.000 -21.34 58.76
1470.000 -21.29 58.61
1471.000 -21.29 58.73
1472.000 -21.23 58.70
1473.000 -21.21 58.68
1474.000 -21.23 58.74
1475.000 -21.09 58.69
1476.000 -21.13 58.73
1477.000 -21.10 58.73
1478.000 -21.06 58.68
1479.000 -21.06 58.74
1480.000 -21.10 58.67
1481.000 -21.07 58.71
1482.000 -21.08 58.72
1483.000 -21.09 58.63
1484.000 -20.99 58.76
1485.000 -21.00 58.65
1486.000 -20.95 58.76
1487.000 -20.95 58.70
1488.000 -20.98 58.58
1489.000 -20.88 58.74
1490.000 -20.86 58.70
1491.000 -20.91 58.67
1492.000 -20.88 58.70
1493.000 -20.92 58.64
1494.000 -20.87 58.72
1495.000 -20.90 58.61
1496.000 -20.89 58.66
1497.000 -20.85 58.69
1498.000 -20.87 58.64
1499.000 -20.88 58.69
1500.000 -20.86 58.66
1501.000 -20.89 58.67
1502.000 -20.82 58.66
1503.000 -20.85 58.65
1504.000 -20.78 58.70
1505.000 -20.78 58.68
1506.000 -20.75 58.57
1507.000 -20.52 58.64
1508.000 -20.49 58.53
1509.000 -20.46 58.62
1510.000 -20.47 58.55
1511.000 -20.45 58.62
1512.000 -20.39 58.71
1513.000 -20.45 58.55
1514.000 -20.44 58.63
1515.000 -20.44 58.63
1516.000 -20.42 58.58
1517.000 -20.44 58.63
1518.000 -20.49 58.52
1519.000 -20.46 58.65
1520.000 -20.48 58.59
1521.000 -20.46 58.60
1522.000 -20.47 58.62
1523.000 -20.50 58.54
1524.000 -20.52 58.64
1525.000 -20.56 58.61
1526.000 -20.60 58.53
1527.000 -20.56 58.61
1528.000 -20.63 58.50
1529.000 -20.58 58.61
1530.000 -20.59 58.56
1531.000 -20.60 58.56
1532.000 -20.60 58.61
1533.000 -20.65 58.46
1534.000 -20.62 58.53
1535.000 -20.63 58.58
1536.000 -20.64 58.51
1537.000 -20.61 58.62
1538.000 -20.66 58.50
1539.000 -20.62 58.55
1540.000 -20.68 58.56
1541.000 -20.66 58.54
1542.000 -20.71 58.58
1543.000 -20.69 58.54
1544.000 -20.72 58.56
1545.000 -20.72 58.62
1546.000 -20.73 58.51
1547.000 -20.73 58.56
1548.000 -20.84 58.77
1549.000 -21.25 58.69
1550.000 -21.31 58.72
1551.000 -21.36 58.64
1552.000 -21.35 58.73
1553.000 -21.36 58.71
1554.000 -21.45 58.67
1555.000 -21.43 58.73
1556.000 -21.46 58.66
1557.000 -21.44 58.78
1558.000 -21.50 58.68
1559.000 -21.52 58.70
1560.000 -21.66 58.80
1561.000 -21.73 58.63
1562.000 -21.62 58.72
1563.000 -21.66 58.72
1564.000 -21.69 58.67
1565.000 -21.65 58.77
1566.000 -21.71 58.66
1567.000 -21.70 58.72
1568.000 -21.74 58.70
1569.000 -21.74 58.67
1570.000 -21.84 58.77
1571.000 -22.14 58.70
1572.000 -22.32 58.74
1573.000 -22.33 58.77
1574.000 -22.35 58.67
1575.000 -22.35 58.69
1576.000 -22.42 58.68
1577.000 -22.40 58.70
1578.000 -22.52 58.65
1579.000 -22.50 58.63
1580.000 -22.51 58.71
1581.000 -22.60 58.58
1582.000 -22.59 58.65
1583.000 -22.64 58.60
1584.000 -22.72 58.49
1585.000 -22.69 58.59
1586.000 -22.73 58.51
1587.000 -22.74 58.51
1588.000 -22.82 58.76
1589.000 -23.15 58.67
1590.000 -23.24 58.74
1591.000 -23.34 58.64
1592.000 -23.33 58.65
1593.000 -23.36 58.69
1594.000 -23.39 58.68
1595.000 -23.42 58.70
1596.000 -23.57 58.77
1597.000 -23.62 58.72
1598.000 -23.59 58.73
1599.000 -23.71 58.66
1600.000 -23.71 58.79
1601.000 -23.74 58.71
1602.000 -23.83 58.81
1603.000 -24.17 58.82
1604.000 -24.28 58.75
1605.000 -24.28 58.86
1606.000 -24.33 58.77
1607.000 -24.31 58.82
1608.000 -24.35 58.93
1609.000 -24.41 58.77
1610.000 -24.36 58.81
1611.000 -24.40 58.81
1612.000 -24.40 58.77
1613.000 -24.44 58.88
1614.000 -24.46 58.75
1615.000 -24.45 58.76
1616.000 -24.47 58.78
1617.000 -24.54 58.77
1618.000 -24.51 58.79
1619.000 -24.58 58.71
1620.000 -24.61 58.74
1621.000 -24.60 58.79
1622.000 -24.62 58.66
1623.000 -24.63 58.70
1624.000 -24.66 58.69
1625.000 -24.64 58.66
1626.000 -24.67 58.69
1627.000 -24.71 58.64
1628.000 -24.71 58.69
1629.000 -24.73 58.65
1630.000 -24.71 58.69
1631.000 -24.70 58.66
1632.000 -24.82 58.75
1633.000 -25.27 58.75
1634.000 -25.36 58.76
1635.000 -25.44 58.74
1636.000 -25.45 58.83
1637.000 -25.56 58.75
1638.000 -25.50 58.79
1639.000 -25.56 58.75
1640.000 -25.57 58.78
1641.000 -25.63 58.79
1642.000 -25.69 58.72
1643.000 -25.71 58.81
1644.000 -25.93 58.76
1645.000 -26.11 58.70
1646.000 -26.20 58.74
1647.000 -26.17 58.67
1648.000 -26.22 58.71
1649.000 -26.24 58.72
1650.000 -26.25 58.68
1651.000 -26.28 58.72
1652.000 -26.30 58.68
1653.000 -26.28 58.72
1654.000 -26.33 58.69
1655.000 -26.40 58.64
1656.000 -26.41 58.82
1657.000 -26.44 58.63
1658.000 -26.41 58.67
1659.000 -26.44 58.69
1660.000 -26.45 58.68
1661.000 -26.48 58.71
1662.000 -26.53 58.59
1663.000 -26.53 58.61
1664.000 -26.55 58.64
1665.000 -26.56 58.58
1666.000 -26.59 58.60
1667.000 -26.58 58.62
1668.000 -26.69 58.64
1669.000 -26.66 58.63
1670.000 -26.75 58.59
1671.000 -26.68 58.63
1672.000 -26.72 58.57
1673.000 -26.71 58.61
1674.000 -26.70 58.64
1675.000 -26.83 58.57
1676.000 -27.14 58.64
1677.000 -27.26 58.64
1678.000 -27.32 58.64
1679.000 -27.30 58.62
1680.000 -27.47 58.56
1681.000 -27.30 58.62
1682.000 -27.31 58.63
1683.000 -27.39 58.61
1684.000 -27.31 58.65
1685.000 -27.39 58.66
1686.000 -27.34 58.64
1687.000 -27.39 58.65
1688.000 -27.38 58.61
1689.000 -27.37 58.64
1690.000 -27.38 58.60
1691.000 -27.35 58.64
1692.000 -27.44 58.69
1693.000 -27.47 58.62
1694.000 -27.44 58.66
1695.000 -27.42 58.65
1696.000 -27.41 58.65
1697.000 -27.44 58.65
1698.000 -27.42 58.62
1699.000 -27.43 58.64
1700.000 -27.43 58.61
1701.000 -27.39 58.63
1702.000 -27.44 58.60
1703.000 -27.42 58.62
1704.000 -27.41 58.66
1705.000 -27.42 58.60
1706.000 -27.46 58.63
1707.000 -27.41 58.63
1708.000 -27.47 58.60
1709.000 -27.41 58.68
1710.000 -27.40 58.61
1711.000 -27.39 58.65
1712.000 -27.40 58.64
1713.000 -27.43 58.63
1714.000 -27.38 58.64
1715.000 -27.40 58.60
1716.000 -27.31 58.62
1717.000 -27.33 58.65
1718.000 -27.40 58.60
1719.000 -27.34 58.61
1720.000 -27.33 58.65
1721.000 -27.30 58.63
1722.000 -27.29 58.65
1723.000 -27.28 58.64
1724.000 -27.25 58.65
1725.000 -27.24 58.62
1726.000 -27.16 58.64
1727.000 -27.20 58.64
1728.000 -27.22 58.57
1729.000 -27.12 58.64
1730.000 -27.13 58.63
1731.000 -27.13 58.60
1732.000 -27.01 58.68
1733.000 -27.05 58.59
1734.000 -27.04 58.72
1735.000 -26.99 58.67
1736.000 -27.01 58.67
1737.000 -26.93 58.70
1738.000 -26.95 58.62
1739.000 -26.84 58.68
1740.000 -26.73 58.72
1741.000 -26.51 58.60
1742.000 -26.37 58.73
1743.000 -26.34 58.67
1744.000 -26.33 58.71
1745.000 -26.31 58.72
1746.000 -26.28 58.69
1747.000 -26.30 58.74
1748.000 -26.33 58.71
1749.000 -26.30 58.74
1750.000 -26.29 58.73
1751.000 -26.29 58.71
1752.000 -26.18 58.72
1753.000 -26.20 58.73
1754.000 -26.23 58.71
1755.000 -26.19 58.74
1756.000 -26.19 58.70
1757.000 -26.15 58.74
1758.000 -26.16 58.71
1759.000 -26.06 58.74
1760.000 -26.04 58.74
1761.000 -25.98 58.69
1762.000 -25.97 58.77
1763.000 -25.90 58.73
1764.000 -25.73 58.76
1765.000 -25.38 58.77
1766.000 -25.35 58.76
1767.000 -25.35 58.78
1768.000 -25.32 58.74
1769.000 -25.30 58.75
1770.000 -25.28 58.76
1771.000 -25.29 58.70
1772.000 -25.22 58.75
1773.000 -25.21 58.76
1774.000 -25.18 58.75
1775.000 -25.14 58.79
1776.000 -25.12 58.78
1777.000 -25.10 58.82
1778.000 -25.06 58.82
1779.000 -25.00 58.79
1780.000 -24.95 58.82
1781.000 -24.98 58.80
1782.000 -24.90 58.88
1783.000 -24.88 58.81
1784.000 -24.88 58.83
1785.000 -24.82 58.85
1786.000 -24.79 58.79
1787.000 -24.75 58.76
1788.000 -24.46 58.86
1789.000 -24.39 58.79
1790.000 -24.37 58.86
1791.000 -24.35 58.77
1792.000 -24.33 58.81
1793.000 -24.32 58.84
1794.000 -24.36 58.76
1795.000 -24.32 58.82
1796.000 -24.28 58.73
1797.000 -24.25 58.77
1798.000 -24.22 58.82
1799.000 -24.17 58.76
1800.000 -24.12 58.81
1801.000 -24.09 58.83
1802.000 -24.08 58.82
1803.000 -23.99 58.85
1804.000 -23.99 58.78
1805.000 -23.85 58.85
1806.000 -23.87 58.79
1807.000 -23.89 58.75
1808.000 -23.85 58.83
1809.000 -23.82 58.78
1810.000 -23.72 58.69
1811.000 -23.42 58.65
1812.000 -23.35 58.63
1813.000 -23.28 58.74
1814.000 -23.25 58.66
1815.000 -23.21 58.69
1816.000 -23.20 58.70
1817.000 -23.19 58.63
1818.000 -23.14 58.66
1819.000 -23.13 58.61
1820.000 -23.12 58.68
1821.000 -23.06 58.66
1822.000 -23.07 58.67
1823.000 -22.96 58.73
1824.000 -22.91 58.72
1825.000 -22.85 58.69
1826.000 -22.84 58.77
1827.000 -22.76 58.68
1828.000 -22.75 58.72
1829.000 -22.44 58.69
1830.000 -22.35 58.69
1831.000 -22.32 58.73
1832.000 -22.27 58.68
1833.000 -22.23 58.73
1834.000 -22.25 58.72
1835.000 -22.22 58.76
1836.000 -22.16 58.81
1837.000 -22.15 58.70
1838.000 -22.12 58.72
1839.000 -22.15 58.78
1840.000 -22.05 58.73
1841.000 -22.08 58.82
1842.000 -22.03 58.75
1843.000 -22.03 58.82
1844.000 -22.00 58.76
