 Masse A  
t x y 
0.000 136.4 59.42
1.000 136.9 59.97
2.000 137.3 59.44
3.000 138.0 59.79
4.000 138.8 59.84
5.000 139.4 59.66
6.000 140.3 59.28
7.000 140.9 59.80
8.000 141.7 60.17
9.000 142.3 59.62
10.000 143.2 59.57
11.000 144.1 60.10
12.000 145.0 59.92
13.000 146.1 59.38
14.000 146.6 59.87
15.000 147.4 60.20
16.000 148.2 59.65
17.000 148.9 59.40
18.000 149.7 60.14
19.000 150.4 60.22
20.000 151.6 59.64
21.000 152.5 59.97
22.000 153.2 60.38
23.000 154.2 59.78
24.000 155.2 59.58
25.000 156.2 60.08
26.000 157.0 60.14
27.000 157.9 59.65
28.000 158.6 59.94
29.000 159.5 60.49
30.000 160.4 59.78
31.000 161.2 59.65
32.000 162.2 60.34
33.000 163.2 59.87
34.000 164.0 59.61
35.000 165.0 60.07
36.000 166.1 60.08
37.000 167.0 59.64
38.000 168.0 59.93
39.000 168.8 60.48
40.000 169.8 59.98
41.000 170.6 60.13
42.000 171.5 60.76
43.000 172.5 59.97
44.000 173.5 59.96
45.000 174.3 60.88
46.000 175.0 59.86
47.000 176.2 59.86
48.000 176.8 60.30
49.000 177.7 59.76
50.000 178.3 60.56
51.000 179.1 59.91
52.000 180.2 60.20
53.000 180.8 60.55
54.000 181.8 60.02
55.000 182.3 60.79
56.000 183.4 60.12
57.000 184.2 60.17
58.000 185.0 60.64
59.000 186.1 60.01
60.000 187.1 60.68
61.000 188.1 60.38
62.000 188.7 60.33
63.000 189.4 60.66
64.000 190.3 59.98
65.000 191.1 60.74
66.000 192.1 60.33
67.000 193.0 60.24
68.000 193.9 61.03
69.000 194.6 60.35
70.000 195.5 60.94
71.000 196.2 60.99
72.000 197.4 60.84
73.000 198.2 61.37
74.000 198.9 60.55
75.000 199.6 61.26
76.000 200.1 61.03
77.000 200.7 60.93
78.000 201.6 61.23
79.000 202.3 60.63
80.000 203.2 61.03
81.000 204.0 61.08
82.000 204.7 60.55
83.000 205.3 61.21
84.000 206.2 60.51
85.000 207.0 60.78
86.000 207.8 60.70
87.000 208.3 60.39
88.000 208.8 61.17
89.000 209.6 60.58
90.000 210.2 60.87
91.000 210.8 60.92
92.000 211.3 60.42
93.000 212.0 61.09
94.000 212.7 60.72
95.000 213.2 60.88
96.000 214.0 61.04
97.000 214.6 60.82
98.000 215.0 61.30
99.000 215.8 60.91
100.000 216.1 60.75
101.000 216.6 61.19
102.000 217.1 60.78
103.000 217.8 61.30
104.000 218.2 61.06
105.000 218.8 61.10
106.000 219.2 61.48
107.000 219.9 60.97
108.000 220.2 61.50
109.000 220.8 61.12
110.000 221.2 61.07
111.000 221.9 61.42
112.000 222.2 60.74
113.000 222.7 61.43
114.000 222.9 61.19
115.000 223.7 61.27
116.000 224.0 61.60
117.000 224.4 60.89
118.000 224.6 61.25
119.000 224.9 61.22
120.000 225.5 60.95
121.000 225.9 61.59
122.000 226.1 60.99
123.000 226.4 61.45
124.000 226.7 61.24
125.000 226.8 61.09
126.000 227.2 61.58
127.000 227.6 60.96
128.000 228.0 61.46
129.000 228.3 61.41
130.000 228.5 61.15
131.000 228.5 61.56
132.000 228.6 60.80
133.000 228.8 61.18
134.000 228.9 61.40
135.000 229.2 60.91
136.000 229.4 61.50
137.000 229.7 60.91
138.000 229.7 61.26
139.000 229.7 61.37
140.000 230.1 60.99
141.000 230.2 61.62
142.000 230.3 61.02
143.000 230.4 61.38
144.000 230.5 61.42
145.000 230.6 60.91
146.000 230.5 61.46
147.000 230.6 60.87
148.000 230.6 60.86
149.000 230.5 61.25
150.000 230.6 60.99
151.000 230.6 61.59
152.000 230.6 61.01
153.000 230.6 61.19
154.000 230.6 61.56
155.000 230.5 60.95
156.000 230.5 61.46
157.000 230.5 61.25
158.000 230.5 61.25
159.000 230.4 61.63
160.000 230.4 60.93
161.000 230.4 61.57
162.000 230.3 61.17
163.000 230.2 61.20
164.000 230.0 61.70
165.000 230.0 61.01
166.000 230.0 61.56
167.000 229.9 61.34
168.000 229.3 60.88
169.000 229.2 61.38
170.000 229.1 60.86
171.000 228.8 61.22
172.000 228.5 61.31
173.000 228.4 61.13
174.000 228.2 61.67
175.000 228.1 60.98
176.000 228.0 61.46
177.000 227.5 61.31
178.000 227.2 61.04
179.000 226.8 61.58
180.000 226.4 60.96
181.000 226.1 61.31
182.000 225.9 61.43
183.000 225.4 60.86
184.000 225.0 61.42
185.000 224.7 60.99
186.000 224.3 61.20
187.000 224.1 61.38
188.000 223.8 60.99
189.000 223.1 61.55
190.000 222.9 61.13
191.000 222.2 61.13
192.000 222.1 61.43
193.000 222.0 60.75
194.000 221.4 61.28
195.000 220.8 61.16
196.000 220.2 61.21
197.000 219.9 61.50
198.000 219.2 60.85
199.000 218.8 61.19
200.000 218.2 61.16
201.000 217.8 61.11
202.000 217.2 61.59
203.000 216.8 60.89
204.000 216.2 61.02
205.000 215.8 61.16
206.000 215.1 61.07
207.000 214.7 61.68
208.000 214.2 60.79
209.000 213.7 61.12
210.000 213.0 61.28
211.000 212.5 60.85
212.000 212.0 61.15
213.000 211.6 60.63
214.000 210.9 61.12
215.000 210.3 60.90
216.000 209.8 60.46
217.000 209.0 61.17
218.000 208.4 60.45
219.000 207.9 60.82
220.000 207.1 60.67
221.000 206.6 60.46
222.000 205.9 61.05
223.000 205.2 60.60
224.000 204.8 60.75
225.000 204.0 60.72
226.000 203.4 60.18
227.000 202.7 60.93
228.000 202.0 60.62
229.000 201.5 60.53
230.000 200.6 60.88
231.000 200.2 60.28
232.000 199.7 61.16
233.000 198.9 60.66
234.000 198.2 60.96
235.000 197.7 61.21
236.000 196.5 60.64
237.000 196.0 61.18
238.000 195.2 60.65
239.000 194.4 60.47
240.000 193.8 60.77
241.000 192.9 60.09
242.000 192.2 60.84
243.000 191.4 60.32
244.000 190.7 60.29
245.000 190.0 61.01
246.000 189.5 60.37
247.000 188.6 60.93
248.000 188.1 60.62
249.000 187.3 60.29
250.000 186.7 60.86
251.000 186.0 60.16
252.000 185.3 60.43
253.000 184.6 60.38
254.000 183.9 60.01
255.000 183.0 60.67
256.000 182.6 59.98
257.000 182.0 60.54
258.000 181.2 60.36
259.000 180.6 59.95
260.000 180.0 60.65
261.000 179.3 59.88
262.000 178.4 60.26
263.000 177.9 60.37
264.000 177.1 59.80
265.000 176.6 60.32
266.000 176.1 59.80
267.000 175.4 60.05
268.000 174.6 60.35
269.000 174.2 59.74
270.000 173.7 60.14
271.000 173.0 59.98
272.000 172.5 59.95
273.000 172.0 60.45
274.000 171.5 59.90
275.000 170.8 60.41
276.000 170.2 60.06
277.000 169.7 59.99
278.000 169.1 60.33
279.000 168.6 59.76
280.000 168.1 60.26
281.000 167.5 59.97
282.000 167.0 60.03
283.000 166.5 60.32
284.000 166.1 59.86
285.000 165.7 60.06
286.000 165.0 59.76
287.000 164.5 59.95
288.000 164.0 60.30
289.000 163.7 59.66
290.000 163.0 60.11
291.000 162.5 59.94
292.000 162.3 59.62
293.000 161.9 60.08
294.000 161.2 59.67
295.000 161.1 60.00
296.000 160.6 60.02
297.000 160.1 59.85
298.000 159.8 60.11
299.000 159.2 59.81
300.000 159.1 59.84
301.000 158.6 59.84
302.000 158.2 59.52
303.000 158.0 60.15
304.000 157.8 59.48
305.000 157.2 59.91
306.000 157.0 59.75
307.000 156.9 59.47
308.000 156.3 59.96
309.000 156.3 59.79
310.000 155.9 59.76
311.000 155.9 59.83
312.000 155.3 59.53
313.000 155.2 60.09
314.000 154.8 59.76
315.000 154.5 59.73
316.000 154.2 59.87
317.000 154.1 59.44
318.000 154.1 60.05
319.000 154.0 59.67
320.000 153.8 59.86
321.000 153.4 59.88
322.000 153.3 59.45
323.000 153.2 60.11
324.000 153.0 59.86
325.000 153.1 59.78
326.000 153.0 60.04
327.000 153.0 59.65
328.000 152.9 60.19
329.000 152.5 59.72
330.000 152.4 59.65
331.000 152.4 60.01
332.000 152.3 59.61
333.000 152.3 60.08
334.000 152.3 60.05
335.000 152.3 59.95
336.000 152.3 60.31
337.000 152.3 59.66
338.000 152.3 60.04
339.000 152.3 59.96
340.000 152.4 59.92
341.000 152.4 60.10
342.000 152.4 59.65
343.000 152.4 60.01
344.000 152.4 60.11
345.000 152.4 60.02
346.000 152.6 60.41
347.000 152.7 59.84
348.000 152.8 59.86
349.000 152.7 59.94
350.000 152.9 59.79
351.000 152.9 60.24
352.000 153.2 59.66
353.000 153.6 59.78
354.000 154.0 59.77
355.000 154.2 59.37
356.000 154.4 60.01
357.000 154.6 59.72
358.000 154.7 59.75
359.000 155.0 59.77
360.000 155.3 59.51
361.000 155.5 59.93
362.000 155.7 59.94
363.000 156.1 60.08
364.000 156.4 60.27
365.000 156.6 59.91
366.000 156.7 60.10
367.000 157.2 59.74
368.000 157.7 59.61
369.000 157.9 60.01
370.000 158.2 59.75
371.000 158.6 60.02
372.000 158.8 59.93
373.000 159.0 59.85
374.000 159.7 60.05
375.000 160.1 59.52
376.000 160.5 60.04
377.000 160.8 59.95
378.000 161.2 59.90
379.000 161.8 60.25
380.000 162.1 59.45
381.000 162.5 59.90
382.000 162.9 59.82
383.000 163.2 59.44
384.000 164.1 59.97
385.000 164.5 59.94
386.000 164.9 60.14
387.000 165.3 60.15
388.000 165.9 59.89
389.000 166.1 60.22
390.000 166.7 59.81
391.000 167.2 60.12
392.000 167.9 60.26
393.000 168.2 60.04
394.000 168.8 60.57
395.000 169.4 59.91
396.000 170.3 59.95
397.000 170.8 60.52
398.000 171.1 59.82
399.000 171.9 60.30
400.000 172.3 59.83
401.000 172.8 59.96
402.000 173.4 60.21
403.000 174.1 59.73
404.000 174.7 60.14
405.000 175.2 59.95
406.000 175.9 60.17
407.000 176.4 60.59
408.000 177.0 59.83
409.000 177.9 60.27
410.000 178.2 60.17
411.000 178.8 60.27
412.000 179.4 60.45
413.000 180.2 59.93
414.000 180.8 60.83
415.000 181.5 60.41
416.000 182.0 60.12
417.000 182.7 60.59
418.000 183.5 60.15
419.000 184.3 60.72
420.000 184.9 60.43
421.000 185.5 59.99
422.000 186.2 60.84
423.000 186.9 60.06
424.000 187.6 60.59
425.000 188.3 60.49
426.000 189.0 60.19
427.000 189.8 60.86
428.000 190.5 60.14
429.000 191.1 60.61
430.000 192.1 60.65
431.000 192.8 60.30
432.000 193.4 60.64
433.000 194.2 60.28
434.000 194.9 60.63
435.000 195.5 60.67
436.000 196.3 60.39
437.000 197.0 61.09
438.000 198.1 60.92
439.000 198.7 61.14
440.000 199.3 61.29
441.000 200.0 60.86
442.000 200.4 61.00
443.000 201.0 60.84
444.000 201.9 60.39
445.000 202.6 60.87
446.000 203.1 60.10
447.000 203.8 60.85
448.000 204.4 60.54
449.000 205.0 60.53
450.000 205.8 60.81
451.000 206.2 60.26
452.000 207.0 60.85
453.000 207.8 60.55
454.000 208.2 60.51
455.000 208.9 61.05
456.000 209.6 60.66
457.000 210.1 61.02
458.000 210.8 61.10
459.000 211.2 61.05
460.000 211.8 61.37
461.000 212.2 60.95
462.000 212.8 61.43
463.000 213.3 61.09
464.000 213.9 61.07
465.000 214.4 61.47
466.000 214.9 60.93
467.000 215.8 61.40
468.000 216.2 61.26
469.000 216.7 60.89
470.000 217.1 61.38
471.000 217.9 60.87
472.000 218.2 61.14
473.000 218.7 61.17
474.000 219.2 61.00
475.000 219.9 61.47
476.000 220.2 61.02
477.000 220.8 61.35
478.000 221.1 61.29
479.000 221.7 60.94
480.000 222.1 61.41
481.000 222.5 60.97
482.000 222.8 61.47
483.000 223.2 61.48
484.000 223.9 61.09
485.000 224.2 61.46
486.000 224.5 61.19
487.000 225.0 61.24
488.000 225.4 61.43
489.000 225.9 60.98
490.000 226.1 61.53
491.000 226.4 61.16
492.000 226.8 61.16
493.000 227.2 61.45
494.000 227.5 61.00
495.000 228.0 61.57
496.000 228.3 61.37
497.000 228.6 61.35
498.000 228.6 61.43
499.000 228.7 60.90
500.000 228.9 61.28
501.000 229.2 61.08
502.000 229.6 61.15
503.000 229.9 61.58
504.000 230.0 60.98
505.000 230.5 61.50
506.000 230.5 61.31
507.000 230.6 61.24
508.000 230.7 61.34
509.000 230.8 60.99
510.000 230.9 61.44
511.000 231.0 61.23
512.000 231.4 61.20
513.000 231.8 61.46
514.000 231.8 60.93
515.000 231.9 61.52
516.000 232.0 61.24
517.000 232.1 60.93
518.000 232.4 61.61
519.000 232.4 61.00
520.000 232.5 61.57
521.000 232.5 61.42
522.000 232.5 60.99
523.000 232.5 61.60
524.000 232.5 60.99
525.000 232.5 61.36
526.000 232.5 61.39
527.000 232.6 61.02
528.000 232.6 61.56
529.000 232.5 61.00
530.000 232.5 61.20
531.000 232.5 61.45
532.000 232.4 60.96
533.000 232.5 61.61
534.000 232.4 61.05
535.000 232.3 61.21
536.000 232.3 61.42
537.000 232.2 61.05
538.000 232.2 61.48
539.000 232.1 60.97
540.000 232.0 61.10
541.000 232.0 61.44
542.000 231.8 60.98
543.000 231.4 61.39
544.000 231.3 61.31
545.000 231.1 61.27
546.000 231.0 61.55
547.000 230.9 60.96
548.000 230.5 61.58
549.000 230.3 61.14
550.000 230.1 61.29
551.000 230.0 61.39
552.000 229.8 61.01
553.000 229.4 61.39
554.000 229.0 61.33
555.000 229.0 61.08
556.000 228.9 61.58
557.000 228.3 61.01
558.000 228.2 61.48
559.000 228.1 61.37
560.000 227.7 61.09
561.000 227.2 61.55
562.000 226.9 61.05
563.000 226.4 61.40
564.000 226.2 61.40
565.000 226.0 60.89
566.000 225.4 61.30
567.000 225.0 60.91
568.000 224.7 61.11
569.000 224.3 61.25
570.000 224.0 61.12
571.000 223.6 61.47
572.000 222.9 61.08
573.000 222.3 61.18
574.000 222.2 61.32
575.000 222.0 61.02
576.000 221.5 61.43
577.000 220.8 61.21
578.000 220.2 61.30
579.000 220.0 61.35
580.000 219.4 60.94
581.000 219.0 61.45
582.000 218.4 61.18
583.000 218.0 61.13
584.000 217.5 61.52
585.000 217.0 60.88
586.000 216.6 61.19
587.000 216.0 61.00
588.000 215.4 61.10
589.000 214.8 61.48
590.000 214.2 60.95
591.000 213.7 61.44
592.000 213.2 61.17
593.000 212.5 61.10
594.000 212.1 61.37
595.000 211.8 60.77
596.000 211.0 61.17
597.000 210.5 60.93
598.000 210.0 60.96
599.000 209.4 61.31
600.000 208.8 60.67
601.000 208.1 60.75
602.000 207.6 60.70
603.000 206.8 60.50
604.000 206.1 60.83
605.000 205.7 60.30
606.000 205.0 60.64
607.000 204.5 60.81
608.000 203.8 60.32
609.000 203.0 60.77
610.000 202.6 60.15
611.000 201.9 60.75
612.000 201.0 60.82
613.000 200.5 60.20
614.000 200.0 61.04
615.000 199.6 60.69
616.000 198.7 60.72
617.000 198.2 61.09
618.000 197.4 60.72
619.000 196.9 61.07
620.000 195.9 60.51
621.000 195.2 60.52
622.000 194.5 60.76
623.000 193.8 60.18
624.000 193.1 60.61
625.000 192.5 60.52
626.000 191.7 60.36
627.000 191.1 60.75
628.000 190.5 60.08
629.000 190.0 60.80
630.000 189.4 60.26
631.000 188.6 60.33
632.000 188.0 60.69
633.000 187.3 60.08
634.000 186.7 60.70
635.000 186.0 60.49
636.000 185.3 60.23
637.000 184.6 60.57
638.000 183.9 60.04
639.000 183.2 60.57
640.000 182.6 60.25
641.000 182.0 60.29
642.000 181.6 60.56
643.000 180.9 59.98
644.000 180.2 60.60
645.000 179.8 60.36
646.000 178.9 60.15
647.000 178.3 60.52
648.000 178.0 59.90
649.000 177.4 60.05
650.000 176.8 60.20
651.000 176.2 60.07
652.000 175.8 60.61
653.000 175.1 59.87
654.000 174.5 59.87
655.000 174.0 60.00
656.000 173.7 60.06
657.000 173.1 60.28
658.000 172.6 60.04
659.000 172.0 60.16
660.000 171.6 60.29
661.000 171.1 59.99
662.000 170.5 60.43
663.000 170.1 59.98
664.000 169.7 60.12
665.000 169.0 60.33
666.000 168.6 59.94
667.000 168.1 60.47
668.000 167.7 59.94
669.000 167.1 60.10
670.000 166.8 60.52
671.000 166.3 59.91
672.000 166.1 60.01
673.000 165.7 59.77
674.000 165.1 59.63
675.000 164.7 60.11
676.000 164.3 59.77
677.000 163.9 60.02
678.000 163.7 59.89
679.000 163.1 59.60
680.000 162.8 59.93
681.000 162.4 59.64
682.000 162.2 59.92
683.000 162.1 59.69
684.000 161.9 59.64
685.000 161.2 59.99
686.000 161.1 59.71
687.000 160.6 59.97
688.000 160.2 60.13
689.000 160.2 59.69
690.000 160.0 60.04
691.000 160.0 59.60
692.000 159.7 59.97
693.000 159.3 60.10
694.000 158.8 59.83
695.000 158.6 59.97
696.000 158.4 59.86
697.000 158.4 59.78
698.000 158.1 59.80
699.000 158.1 59.57
700.000 158.1 59.98
701.000 158.0 59.71
702.000 157.7 59.82
703.000 157.4 59.82
704.000 157.3 59.46
705.000 157.2 59.94
706.000 157.1 59.66
707.000 157.0 59.71
708.000 156.8 59.88
709.000 156.6 59.52
710.000 156.4 59.92
711.000 156.4 59.69
712.000 156.4 59.74
713.000 156.4 59.87
714.000 156.4 59.49
715.000 156.4 60.00
716.000 156.4 59.90
717.000 156.4 59.82
718.000 156.4 59.90
719.000 156.4 59.53
720.000 156.3 59.87
721.000 156.4 59.75
722.000 156.5 59.65
723.000 156.4 59.90
724.000 156.5 59.63
725.000 156.5 59.76
726.000 156.6 59.71
727.000 156.6 59.70
728.000 156.6 59.80
729.000 156.9 59.68
730.000 157.0 59.74
731.000 157.3 59.70
732.000 157.6 59.52
733.000 157.6 59.90
734.000 157.9 59.35
735.000 157.9 59.89
736.000 158.1 59.80
737.000 158.4 59.56
738.000 158.5 60.01
739.000 158.8 59.71
740.000 158.9 59.78
741.000 158.9 60.02
742.000 159.2 59.77
743.000 159.7 60.17
744.000 159.9 59.82
745.000 160.0 59.76
746.000 160.4 59.84
747.000 160.6 59.60
748.000 160.9 59.88
749.000 161.2 59.71
750.000 161.8 59.79
751.000 162.0 59.78
752.000 162.5 59.44
753.000 162.5 60.03
754.000 162.6 59.92
755.000 163.0 60.01
756.000 163.7 60.36
757.000 164.0 59.81
758.000 164.5 60.25
759.000 164.9 59.90
760.000 165.1 59.60
761.000 165.6 60.08
762.000 166.0 59.74
763.000 166.4 60.08
764.000 166.6 60.19
765.000 167.1 60.05
766.000 167.7 60.47
767.000 168.1 59.87
768.000 168.5 60.09
769.000 169.1 60.17
770.000 169.7 60.00
771.000 170.1 60.58
772.000 170.5 59.94
773.000 170.9 60.35
774.000 171.3 60.18
775.000 171.9 60.13
776.000 172.7 60.41
777.000 173.1 59.84
778.000 173.6 60.14
779.000 173.9 60.14
780.000 174.4 59.87
781.000 174.8 60.28
782.000 175.5 59.91
783.000 176.1 60.11
784.000 176.6 60.24
785.000 176.9 60.00
786.000 177.6 60.65
787.000 178.1 59.96
788.000 178.6 60.51
789.000 178.9 60.50
790.000 179.7 60.16
791.000 180.4 60.64
792.000 180.8 60.30
793.000 181.4 60.25
794.000 182.1 60.48
795.000 182.6 59.94
796.000 183.2 60.75
797.000 184.1 60.31
798.000 184.6 60.36
799.000 185.2 60.60
800.000 185.9 60.09
801.000 186.3 60.65
802.000 187.0 60.42
803.000 187.8 60.45
804.000 188.4 60.63
805.000 188.8 60.16
806.000 189.5 60.73
807.000 190.2 60.48
808.000 190.9 60.43
809.000 191.6 60.86
810.000 192.2 60.13
811.000 192.8 60.62
812.000 193.3 60.43
813.000 194.1 60.50
814.000 194.7 60.72
815.000 195.3 60.26
816.000 196.2 60.89
817.000 196.7 60.65
818.000 197.2 60.53
819.000 198.3 61.23
820.000 198.7 60.98
821.000 199.4 61.28
822.000 200.0 61.11
823.000 200.4 60.98
824.000 200.8 61.22
825.000 201.3 60.93
826.000 202.1 61.10
827.000 202.8 61.12
828.000 203.3 60.75
829.000 204.0 61.00
830.000 204.7 60.66
831.000 205.1 60.80
832.000 205.9 60.83
833.000 206.2 60.36
834.000 206.7 60.92
835.000 207.4 60.62
836.000 208.0 60.84
837.000 208.7 60.74
838.000 209.1 60.49
839.000 209.9 60.97
840.000 210.3 60.93
841.000 210.7 61.07
842.000 211.2 61.31
843.000 211.8 60.76
844.000 212.1 61.14
845.000 212.6 60.96
846.000 213.0 61.09
847.000 213.7 61.44
848.000 214.2 60.90
849.000 214.6 61.25
850.000 215.1 60.89
851.000 215.7 60.92
852.000 216.0 61.45
853.000 216.5 60.92
854.000 216.8 61.39
855.000 217.3 61.29
856.000 217.9 61.16
857.000 218.1 61.45
858.000 218.6 61.09
859.000 218.9 61.48
860.000 219.2 61.26
861.000 219.8 61.24
862.000 220.2 61.43
863.000 220.6 60.91
864.000 220.9 60.98
865.000 221.2 61.25
866.000 221.7 61.19
867.000 222.1 61.49
868.000 222.4 61.01
869.000 222.8 61.54
870.000 222.9 61.27
871.000 223.2 61.04
872.000 223.7 61.48
873.000 224.0 60.97
874.000 224.4 61.41
875.000 224.6 61.29
876.000 224.9 61.08
877.000 225.0 61.36
878.000 225.6 61.05
879.000 226.0 61.34
880.000 226.3 61.43
881.000 226.3 61.19
882.000 226.4 61.53
883.000 226.6 61.04
884.000 226.6 61.25
885.000 226.8 61.36
886.000 227.0 61.02
887.000 227.4 61.46
888.000 227.8 61.16
889.000 227.9 61.20
890.000 227.9 61.48
891.000 228.0 61.09
892.000 228.3 61.46
893.000 228.4 61.05
894.000 228.4 61.21
895.000 228.5 61.36
896.000 228.5 60.99
897.000 228.5 61.51
898.000 228.5 61.27
899.000 228.6 61.29
900.000 228.6 61.48
901.000 228.6 61.02
902.000 228.7 61.59
903.000 228.7 61.35
904.000 228.7 61.27
905.000 228.7 61.54
906.000 228.7 61.01
907.000 228.8 61.61
908.000 228.7 61.31
909.000 228.8 61.30
910.000 228.7 61.50
911.000 228.7 61.04
912.000 228.6 61.38
913.000 228.6 61.32
914.000 228.6 61.23
915.000 228.5 61.46
916.000 228.5 61.00
917.000 228.5 61.40
918.000 228.5 61.30
919.000 228.4 60.99
920.000 228.4 61.46
921.000 228.3 61.09
922.000 228.3 61.26
923.000 228.2 61.28
924.000 228.1 61.05
925.000 228.1 61.50
926.000 227.7 61.18
927.000 227.4 61.26
928.000 227.1 61.38
929.000 226.9 61.13
930.000 226.9 61.60
931.000 226.3 61.17
932.000 226.3 61.38
933.000 226.2 61.45
934.000 226.0 61.27
935.000 226.0 61.46
936.000 225.6 61.24
937.000 224.9 61.20
938.000 224.5 61.43
939.000 224.2 61.02
940.000 224.3 61.51
941.000 223.9 61.18
942.000 223.6 61.25
943.000 223.3 61.37
944.000 222.9 60.87
945.000 222.5 61.14
946.000 222.3 61.15
947.000 222.0 61.21
948.000 221.7 61.43
949.000 221.0 61.01
950.000 220.7 61.37
951.000 220.3 61.31
952.000 220.1 61.20
953.000 220.0 61.50
954.000 219.5 61.07
955.000 218.9 61.41
956.000 218.2 61.27
957.000 218.0 61.23
958.000 217.9 61.43
959.000 217.1 61.03
960.000 216.7 61.07
961.000 216.2 61.33
962.000 215.9 60.96
963.000 215.2 61.42
964.000 214.8 61.02
965.000 214.3 61.25
966.000 214.0 61.22
967.000 213.5 61.05
968.000 213.1 61.38
969.000 212.6 60.97
970.000 212.1 61.09
971.000 211.7 61.22
972.000 211.1 60.94
973.000 210.6 61.46
974.000 210.1 60.93
975.000 209.6 61.01
976.000 209.0 61.12
977.000 208.6 60.87
978.000 208.0 60.82
979.000 207.6 60.62
980.000 207.0 60.56
981.000 206.5 60.76
982.000 205.8 60.32
983.000 205.1 60.83
984.000 204.7 60.58
985.000 204.0 60.50
986.000 203.5 61.00
987.000 202.8 60.58
988.000 202.2 60.76
989.000 201.9 60.48
990.000 201.3 60.50
991.000 200.6 60.78
992.000 200.1 60.33
993.000 199.7 61.10
994.000 199.1 61.02
995.000 198.5 61.17
996.000 198.1 61.43
997.000 197.3 61.06
998.000 196.5 61.17
999.000 195.9 61.07
1000.000 194.9 60.56
1001.000 194.3 60.90
1002.000 194.0 60.33
1003.000 193.4 60.77
1004.000 192.8 60.55
1005.000 192.1 60.28
1006.000 191.5 60.65
1007.000 190.9 60.32
1008.000 190.3 60.46
1009.000 189.7 60.57
1010.000 189.0 60.25
1011.000 188.5 60.84
1012.000 187.9 60.35
1013.000 187.1 60.40
1014.000 186.7 60.48
1015.000 186.2 60.28
1016.000 185.5 60.64
1017.000 184.9 60.08
1018.000 184.4 60.35
1019.000 183.8 60.50
1020.000 183.0 60.10
1021.000 182.6 60.67
1022.000 182.1 60.37
1023.000 181.5 60.37
1024.000 180.9 60.63
1025.000 180.2 59.91
1026.000 179.9 60.31
1027.000 179.4 60.22
1028.000 178.7 60.23
1029.000 178.2 60.42
1030.000 178.0 60.12
1031.000 177.5 60.29
1032.000 176.8 60.13
1033.000 176.1 60.07
1034.000 176.0 60.43
1035.000 175.4 59.86
1036.000 174.7 60.16
1037.000 174.2 60.09
1038.000 174.1 60.10
1039.000 173.6 60.36
1040.000 173.1 60.03
1041.000 172.6 60.46
1042.000 172.2 60.26
1043.000 171.9 60.14
1044.000 171.2 60.42
1045.000 170.7 59.98
1046.000 170.3 60.17
1047.000 170.0 60.25
1048.000 169.6 59.99
1049.000 169.1 60.44
1050.000 168.7 59.85
1051.000 168.2 59.93
1052.000 167.9 60.11
1053.000 167.5 60.11
1054.000 167.1 60.25
1055.000 166.8 59.90
1056.000 166.4 59.83
1057.000 166.1 59.83
1058.000 165.9 59.71
1059.000 165.3 60.08
1060.000 165.2 59.78
1061.000 165.0 59.66
1062.000 164.9 59.88
1063.000 164.3 59.72
1064.000 164.1 59.86
1065.000 163.8 59.66
1066.000 163.3 59.73
1067.000 162.9 59.81
1068.000 162.8 59.55
1069.000 162.4 60.05
1070.000 162.2 60.01
1071.000 162.2 60.09
1072.000 162.0 60.16
1073.000 162.0 60.00
1074.000 161.7 60.26
1075.000 161.4 59.98
1076.000 161.1 60.06
1077.000 161.1 60.13
1078.000 160.8 60.01
1079.000 160.5 60.17
1080.000 160.4 60.12
1081.000 160.4 60.03
1082.000 160.2 60.28
1083.000 160.2 59.75
1084.000 160.1 60.13
1085.000 160.1 59.82
1086.000 160.1 59.58
1087.000 159.9 59.96
1088.000 160.0 59.60
1089.000 159.9 60.05
1090.000 159.5 60.07
1091.000 159.4 59.86
1092.000 159.2 60.02
1093.000 159.3 59.87
1094.000 159.3 59.85
1095.000 159.3 59.87
1096.000 159.2 59.48
1097.000 159.2 60.05
1098.000 159.2 59.71
1099.000 159.3 59.83
1100.000 159.3 59.91
1101.000 159.4 59.46
1102.000 159.3 59.95
1103.000 159.4 59.96
1104.000 159.5 59.91
1105.000 159.5 60.10
1106.000 159.6 59.74
1107.000 159.5 60.03
1108.000 159.6 59.98
1109.000 159.6 60.05
1110.000 159.8 60.29
1111.000 160.0 59.78
1112.000 160.2 59.92
1113.000 160.4 60.00
1114.000 160.4 60.03
1115.000 160.5 60.27
1116.000 160.8 59.97
1117.000 160.8 60.06
1118.000 160.9 60.07
1119.000 161.1 60.05
1120.000 161.5 60.19
1121.000 161.7 59.82
1122.000 162.0 59.95
1123.000 162.2 60.03
1124.000 162.4 59.97
1125.000 162.5 60.17
1126.000 162.9 59.93
1127.000 163.0 60.14
1128.000 163.4 60.19
1129.000 164.0 59.96
1130.000 164.3 60.29
1131.000 164.4 59.81
1132.000 164.6 59.77
1133.000 164.8 59.94
1134.000 165.1 59.62
1135.000 165.4 60.04
1136.000 166.0 59.70
1137.000 166.5 59.78
1138.000 166.5 59.79
1139.000 166.8 59.69
1140.000 167.1 60.07
1141.000 167.7 60.06
1142.000 168.0 60.04
1143.000 168.5 60.27
1144.000 168.7 59.91
1145.000 169.1 60.17
1146.000 169.6 59.88
1147.000 170.0 59.90
1148.000 170.6 60.07
1149.000 170.8 59.92
1150.000 171.3 60.50
1151.000 171.8 60.07
1152.000 172.2 60.04
1153.000 172.7 60.47
1154.000 173.0 59.92
1155.000 173.7 60.02
1156.000 173.9 60.02
1157.000 174.2 60.09
1158.000 174.8 60.34
1159.000 174.9 59.94
1160.000 175.8 60.59
1161.000 176.1 60.19
1162.000 176.6 60.16
1163.000 177.1 60.41
1164.000 177.7 59.83
1165.000 178.2 60.15
1166.000 178.6 60.23
1167.000 178.9 60.11
1168.000 179.7 60.45
1169.000 180.1 59.90
1170.000 180.7 60.36
1171.000 181.0 60.33
1172.000 181.8 60.11
1173.000 182.2 60.54
1174.000 182.7 60.10
1175.000 183.2 60.56
1176.000 184.0 60.47
1177.000 184.6 60.22
1178.000 185.0 60.76
1179.000 185.5 60.15
1180.000 186.3 60.57
1181.000 186.8 60.54
1182.000 187.2 60.16
1183.000 188.0 60.81
1184.000 188.5 60.19
1185.000 188.9 60.64
1186.000 189.5 60.59
1187.000 190.1 60.29
1188.000 190.7 60.78
1189.000 191.3 60.52
1190.000 192.0 60.44
1191.000 192.6 60.56
1192.000 193.1 60.25
1193.000 193.8 60.80
1194.000 194.2 60.47
1195.000 194.8 60.51
1196.000 195.3 60.66
1197.000 196.0 60.56
1198.000 196.6 60.83
1199.000 197.0 60.55
1200.000 198.1 60.56
1201.000 198.7 61.07
1202.000 199.0 60.75
1203.000 199.8 61.03
1204.000 200.1 60.93
1205.000 200.4 60.97
1206.000 200.8 61.21
1207.000 201.5 60.91
1208.000 202.1 60.62
1209.000 202.6 60.61
1210.000 203.1 60.61
1211.000 203.8 60.83
1212.000 204.2 60.38
1213.000 204.8 60.55
1214.000 205.2 60.63
1215.000 205.8 60.52
1216.000 206.2 60.75
1217.000 206.8 60.38
1218.000 207.3 60.64
1219.000 207.8 60.63
1220.000 208.3 60.55
1221.000 208.5 60.93
1222.000 209.1 60.69
1223.000 209.8 60.73
1224.000 210.1 60.95
1225.000 210.5 60.79
1226.000 210.9 61.12
1227.000 211.3 60.81
1228.000 211.7 60.71
1229.000 212.2 60.78
1230.000 212.6 60.59
1231.000 213.0 61.06
1232.000 213.6 60.86
1233.000 214.0 60.95
1234.000 214.4 61.17
1235.000 214.6 61.14
1236.000 215.0 61.24
1237.000 215.5 61.13
1238.000 215.9 61.08
1239.000 216.1 61.33
1240.000 216.5 60.98
1241.000 216.9 61.49
1242.000 217.2 61.20
1243.000 217.6 61.20
1244.000 217.8 61.38
1245.000 218.2 60.99
1246.000 218.5 61.40
1247.000 218.9 61.22
1248.000 219.0 61.07
1249.000 219.7 61.38
1250.000 219.9 61.14
1251.000 220.2 61.53
1252.000 220.5 61.24
1253.000 220.6 61.21
1254.000 220.8 61.31
1255.000 221.0 61.06
1256.000 221.4 61.35
1257.000 221.7 61.22
1258.000 222.0 61.20
1259.000 222.2 61.31
1260.000 222.4 61.11
1261.000 222.5 61.22
1262.000 222.8 61.28
1263.000 222.7 61.12
1264.000 222.8 61.35
1265.000 223.2 61.09
1266.000 223.4 61.34
1267.000 223.6 61.31
1268.000 223.7 61.23
1269.000 223.8 61.42
1270.000 224.0 61.24
1271.000 224.2 61.30
1272.000 224.4 61.41
1273.000 224.4 61.02
1274.000 224.5 61.41
1275.000 224.5 61.17
1276.000 224.5 61.21
1277.000 224.7 61.37
1278.000 224.7 61.01
1279.000 224.7 61.44
1280.000 224.8 61.06
1281.000 224.8 61.22
1282.000 224.9 61.30
1283.000 224.8 61.07
1284.000 224.8 61.34
1285.000 224.8 61.33
1286.000 224.8 61.22
1287.000 224.8 61.40
1288.000 224.8 60.96
1289.000 224.8 61.46
1290.000 224.7 61.25
1291.000 224.7 61.24
1292.000 224.7 61.28
1293.000 224.7 60.97
1294.000 224.6 61.35
1295.000 224.4 61.23
1296.000 224.4 61.09
1297.000 224.4 61.62
1298.000 224.3 61.15
1299.000 224.4 61.39
1300.000 224.4 61.36
1301.000 224.3 61.24
1302.000 224.3 61.54
1303.000 224.2 61.20
1304.000 224.1 61.41
1305.000 224.0 61.40
1306.000 223.8 61.17
1307.000 223.4 61.55
1308.000 223.0 61.18
1309.000 222.9 61.18
1310.000 222.6 61.33
1311.000 222.4 61.07
1312.000 222.2 61.37
1313.000 222.2 61.08
1314.000 221.9 61.26
1315.000 221.7 61.23
1316.000 221.3 61.22
1317.000 221.0 61.41
1318.000 220.6 61.17
1319.000 220.4 61.24
1320.000 220.2 61.46
1321.000 220.0 61.01
1322.000 219.9 61.55
1323.000 219.5 61.28
1324.000 219.2 61.28
1325.000 218.8 61.38
1326.000 218.3 61.05
1327.000 218.1 61.51
1328.000 218.0 61.30
1329.000 217.5 61.18
1330.000 217.0 61.28
1331.000 216.8 60.97
1332.000 216.3 61.21
1333.000 215.8 61.23
1334.000 215.5 61.05
1335.000 215.0 61.28
1336.000 214.7 61.10
1337.000 214.3 61.33
1338.000 214.2 61.23
1339.000 213.8 61.12
1340.000 213.2 61.38
1341.000 212.8 61.11
1342.000 212.2 61.13
1343.000 212.0 61.07
1344.000 211.8 61.06
1345.000 211.2 61.44
1346.000 210.8 61.03
1347.000 210.2 61.17
1348.000 209.9 61.16
1349.000 209.7 60.96
1350.000 208.9 61.24
1351.000 208.5 60.90
1352.000 208.1 60.74
1353.000 207.5 60.76
1354.000 207.2 60.34
1355.000 206.8 60.79
1356.000 206.0 60.49
1357.000 205.6 60.51
1358.000 205.1 60.68
1359.000 204.7 60.35
1360.000 204.2 60.71
1361.000 203.7 60.61
1362.000 203.0 60.56
1363.000 202.7 60.57
1364.000 202.1 60.31
1365.000 201.5 60.71
1366.000 200.9 60.59
1367.000 200.3 60.49
1368.000 200.0 60.93
1369.000 199.6 61.03
1370.000 199.0 61.30
1371.000 198.6 61.18
1372.000 198.1 61.19
1373.000 197.6 61.33
1374.000 196.7 60.91
1375.000 196.2 60.97
1376.000 195.7 60.99
1377.000 194.8 60.76
1378.000 194.3 60.78
1379.000 193.9 60.40
1380.000 193.3 60.51
1381.000 192.7 60.56
1382.000 192.1 60.33
1383.000 191.5 60.64
1384.000 191.0 60.38
1385.000 190.6 60.57
1386.000 190.0 60.57
1387.000 189.5 60.39
1388.000 188.8 60.73
1389.000 188.2 60.15
1390.000 187.9 60.51
1391.000 187.4 60.58
1392.000 186.6 60.32
1393.000 186.1 60.80
1394.000 185.5 60.24
1395.000 185.0 60.36
1396.000 184.5 60.46
1397.000 183.9 60.29
1398.000 183.7 60.56
1399.000 182.8 60.37
1400.000 182.3 60.30
1401.000 181.9 60.41
1402.000 181.5 60.02
1403.000 181.0 60.60
1404.000 180.5 60.08
1405.000 179.8 60.23
1406.000 179.1 60.68
1407.000 178.7 59.91
1408.000 178.3 60.18
1409.000 178.0 60.18
1410.000 177.9 60.13
1411.000 177.0 60.28
1412.000 176.6 60.04
1413.000 176.2 60.36
1414.000 175.8 60.34
1415.000 175.1 60.11
1416.000 174.8 60.32
1417.000 174.2 60.04
1418.000 174.0 60.20
1419.000 173.9 60.20
1420.000 173.2 60.13
1421.000 172.9 60.50
1422.000 172.4 59.95
1423.000 172.0 60.19
1424.000 172.0 60.14
1425.000 171.5 60.11
1426.000 170.9 60.36
1427.000 170.6 60.16
1428.000 170.2 60.13
1429.000 170.1 60.26
1430.000 169.5 59.96
1431.000 169.1 60.43
1432.000 168.6 59.90
1433.000 168.4 59.96
1434.000 168.0 60.20
1435.000 167.8 60.08
1436.000 167.4 60.30
1437.000 167.1 60.06
1438.000 167.0 60.14
1439.000 166.6 60.12
1440.000 166.2 59.98
1441.000 165.9 60.36
1442.000 165.5 60.06
1443.000 165.3 59.99
1444.000 165.0 60.11
1445.000 165.1 59.93
1446.000 164.7 60.27
1447.000 164.4 60.00
1448.000 164.2 60.02
1449.000 164.2 60.14
1450.000 164.0 59.94
1451.000 163.7 60.18
1452.000 163.4 60.05
1453.000 163.2 60.01
1454.000 163.0 60.27
1455.000 162.9 59.80
1456.000 162.7 59.83
1457.000 162.5 59.75
1458.000 162.3 59.71
1459.000 162.3 59.99
1460.000 162.1 59.80
1461.000 162.2 59.83
1462.000 162.2 59.74
1463.000 162.2 59.69
1464.000 162.1 59.87
1465.000 162.1 59.67
1466.000 162.0 59.75
1467.000 162.0 59.80
1468.000 161.9 59.67
1469.000 161.4 59.86
1470.000 161.3 59.70
1471.000 161.3 59.76
1472.000 161.3 59.86
1473.000 161.3 59.67
1474.000 161.3 59.87
1475.000 161.3 59.69
1476.000 161.3 59.65
1477.000 161.3 59.82
1478.000 161.3 59.58
1479.000 161.3 60.05
1480.000 161.3 59.79
1481.000 161.4 59.79
1482.000 161.4 59.81
1483.000 161.5 59.64
1484.000 161.5 59.97
1485.000 161.6 59.82
1486.000 161.6 59.76
1487.000 161.6 59.76
1488.000 161.8 59.64
1489.000 161.9 60.02
1490.000 161.8 60.06
1491.000 162.0 60.08
1492.000 162.3 60.23
1493.000 162.4 60.09
1494.000 162.5 60.19
1495.000 162.5 60.10
1496.000 162.7 60.10
1497.000 162.7 60.12
1498.000 162.9 60.01
1499.000 163.0 60.17
1500.000 163.7 59.95
1501.000 163.9 59.89
1502.000 164.0 60.03
1503.000 164.4 59.89
1504.000 164.5 59.82
1505.000 164.7 59.78
1506.000 165.0 59.63
1507.000 165.2 59.93
1508.000 165.7 59.81
1509.000 165.7 59.99
1510.000 166.1 60.08
1511.000 166.4 60.04
1512.000 166.6 60.28
1513.000 166.9 60.13
1514.000 166.9 60.18
1515.000 167.3 60.20
1516.000 167.9 60.10
1517.000 168.1 60.35
1518.000 168.5 59.90
1519.000 168.6 59.83
1520.000 169.0 59.87
1521.000 169.6 59.74
1522.000 170.0 59.94
1523.000 170.5 60.00
1524.000 170.6 60.22
1525.000 171.0 60.32
1526.000 171.7 60.11
1527.000 171.8 60.25
1528.000 172.1 60.07
1529.000 172.5 60.13
1530.000 172.8 60.31
1531.000 173.2 60.13
1532.000 173.7 60.30
1533.000 174.1 60.17
1534.000 174.5 60.12
1535.000 174.8 60.30
1536.000 175.1 60.01
1537.000 175.9 60.32
1538.000 176.1 60.02
1539.000 176.5 60.11
1540.000 176.9 60.56
1541.000 177.4 59.92
1542.000 178.0 60.39
1543.000 178.4 60.15
1544.000 178.7 60.15
1545.000 179.2 60.46
1546.000 179.7 60.19
1547.000 180.2 60.46
1548.000 180.6 60.41
1549.000 181.0 59.99
1550.000 181.7 60.56
1551.000 182.1 60.05
1552.000 182.6 60.55
1553.000 182.9 60.45
1554.000 183.7 60.29
1555.000 184.2 60.61
1556.000 184.5 60.16
1557.000 185.1 60.46
1558.000 185.8 60.44
1559.000 186.1 60.30
1560.000 186.7 60.56
1561.000 187.2 60.42
1562.000 187.9 60.41
1563.000 188.2 60.45
1564.000 188.8 60.36
1565.000 189.3 60.83
1566.000 189.9 60.20
1567.000 190.4 60.48
1568.000 190.8 60.74
1569.000 191.3 60.53
1570.000 192.0 60.51
1571.000 192.7 60.52
1572.000 193.2 60.22
1573.000 193.8 60.69
1574.000 194.2 60.45
1575.000 194.7 60.85
1576.000 194.8 60.39
1577.000 195.4 60.52
1578.000 196.2 60.93
1579.000 196.7 60.74
1580.000 197.1 60.82
1581.000 198.0 60.72
1582.000 198.5 60.66
1583.000 199.0 61.04
1584.000 199.9 60.95
1585.000 200.0 61.16
1586.000 200.4 61.00
1587.000 200.6 60.98
1588.000 201.2 61.12
1589.000 201.9 60.70
1590.000 202.2 60.63
1591.000 202.8 60.59
1592.000 203.2 60.58
1593.000 203.8 60.72
1594.000 204.1 60.35
1595.000 204.7 60.62
1596.000 205.1 60.55
1597.000 205.8 60.49
1598.000 206.0 60.70
1599.000 206.5 60.51
1600.000 206.9 60.66
1601.000 207.2 60.58
1602.000 207.9 60.52
1603.000 208.1 60.89
1604.000 208.6 60.55
1605.000 209.0 60.68
1606.000 209.6 60.83
1607.000 209.9 60.52
1608.000 210.2 60.98
1609.000 210.5 61.01
1610.000 210.9 61.11
1611.000 211.1 61.25
1612.000 211.8 61.07
1613.000 211.9 61.18
1614.000 212.3 61.07
1615.000 212.7 61.10
1616.000 213.0 61.25
1617.000 213.4 61.04
1618.000 213.8 61.26
1619.000 214.0 61.20
1620.000 214.4 61.02
1621.000 214.8 61.34
1622.000 214.8 61.15
1623.000 215.4 61.27
1624.000 215.7 61.18
1625.000 215.9 61.12
1626.000 216.2 61.38
1627.000 216.4 60.94
1628.000 216.8 61.28
1629.000 216.8 61.17
1630.000 217.2 61.16
1631.000 217.5 61.42
1632.000 217.9 61.14
1633.000 218.2 61.24
1634.000 218.5 61.28
1635.000 218.5 61.18
1636.000 218.8 61.39
1637.000 218.8 60.98
1638.000 219.1 61.31
1639.000 219.4 61.22
1640.000 219.5 61.21
1641.000 219.7 61.45
1642.000 220.0 61.04
1643.000 220.2 61.28
1644.000 220.4 61.42
1645.000 220.5 61.22
1646.000 220.5 61.42
1647.000 220.6 61.26
1648.000 220.6 61.26
1649.000 220.7 61.32
1650.000 220.7 61.28
1651.000 220.8 61.38
1652.000 220.9 61.21
1653.000 220.8 61.29
1654.000 220.9 61.31
1655.000 221.0 61.31
1656.000 221.5 61.27
1657.000 221.6 61.29
1658.000 221.7 61.23
1659.000 221.7 61.33
1660.000 221.7 61.07
1661.000 221.7 61.38
1662.000 221.7 61.23
1663.000 221.8 61.20
1664.000 221.7 61.29
1665.000 221.7 61.12
1666.000 221.7 61.27
1667.000 221.8 61.23
1668.000 221.7 61.18
1669.000 221.6 61.35
1670.000 221.6 61.21
1671.000 221.6 61.30
1672.000 221.6 61.29
1673.000 221.5 61.24
1674.000 221.5 61.34
1675.000 221.4 61.24
1676.000 221.4 61.31
1677.000 221.3 61.34
1678.000 221.2 61.27
1679.000 221.1 61.38
1680.000 220.9 61.24
1681.000 220.6 61.27
1682.000 220.5 61.32
1683.000 220.5 61.22
1684.000 220.4 61.52
1685.000 220.3 61.19
1686.000 220.2 61.33
1687.000 220.1 61.30
1688.000 220.1 61.19
1689.000 219.9 61.32
1690.000 219.2 61.25
1691.000 219.2 61.33
1692.000 219.0 61.34
1693.000 218.9 61.12
1694.000 218.4 61.44
1695.000 218.2 61.17
1696.000 218.0 61.23
1697.000 218.1 61.35
1698.000 217.9 61.21
1699.000 217.6 61.40
1700.000 217.1 61.07
1701.000 216.8 61.19
1702.000 216.5 61.37
1703.000 216.2 61.01
1704.000 215.9 61.14
1705.000 215.6 61.12
1706.000 215.1 61.16
1707.000 214.8 61.36
1708.000 214.5 61.01
1709.000 214.3 61.34
1710.000 214.1 61.11
1711.000 214.0 61.07
1712.000 213.7 61.38
1713.000 213.0 61.14
1714.000 212.6 61.20
1715.000 212.2 61.07
1716.000 212.1 60.88
1717.000 211.7 61.14
1718.000 211.3 60.98
1719.000 210.8 61.12
1720.000 210.4 61.21
1721.000 210.2 61.08
1722.000 210.0 61.15
1723.000 209.7 60.89
1724.000 209.0 60.86
1725.000 208.7 60.72
1726.000 208.2 60.59
1727.000 207.7 60.64
1728.000 207.4 60.46
1729.000 206.9 60.60
1730.000 206.4 60.70
1731.000 206.0 60.54
1732.000 205.9 60.83
1733.000 205.2 60.34
1734.000 204.8 60.57
1735.000 204.4 60.72
1736.000 203.9 60.37
1737.000 203.4 60.71
1738.000 202.9 60.55
1739.000 202.3 60.54
1740.000 202.0 60.58
1741.000 201.4 60.44
1742.000 200.8 60.79
1743.000 200.4 60.47
1744.000 200.1 60.65
1745.000 200.0 60.66
1746.000 199.5 60.61
1747.000 199.0 60.99
1748.000 198.5 61.06
1749.000 198.1 61.14
1750.000 197.5 61.35
1751.000 197.0 61.10
1752.000 196.4 61.06
1753.000 195.7 60.97
1754.000 194.9 60.89
1755.000 194.4 60.74
1756.000 194.1 60.33
1757.000 193.8 60.59
1758.000 193.1 60.47
1759.000 192.6 60.38
1760.000 192.0 60.57
1761.000 191.6 60.45
1762.000 190.9 60.71
1763.000 190.4 60.52
1764.000 190.1 60.24
1765.000 189.6 60.61
1766.000 189.0 60.31
1767.000 188.6 60.46
1768.000 188.0 60.44
1769.000 187.7 60.29
1770.000 187.1 60.52
1771.000 186.5 60.36
1772.000 186.1 60.40
1773.000 185.6 60.45
1774.000 185.0 60.27
1775.000 184.5 60.48
1776.000 184.1 60.41
1777.000 183.7 60.42
1778.000 182.9 60.49
1779.000 182.3 60.30
1780.000 182.2 60.40
1781.000 181.7 60.24
1782.000 181.1 60.23
1783.000 180.8 60.37
1784.000 180.2 60.11
1785.000 180.0 60.42
1786.000 179.5 60.21
1787.000 178.8 60.30
1788.000 178.4 60.45
1789.000 178.2 60.11
1790.000 178.0 60.28
1791.000 177.5 60.20
1792.000 176.8 60.26
1793.000 176.4 60.39
1794.000 176.1 60.06
1795.000 176.0 60.39
1796.000 175.5 60.20
1797.000 174.9 60.18
1798.000 174.4 60.20
1799.000 174.3 59.89
1800.000 174.0 60.00
1801.000 173.9 60.10
1802.000 173.5 60.13
1803.000 172.8 60.39
1804.000 172.4 60.13
1805.000 172.2 60.27
1806.000 171.8 60.24
1807.000 171.4 60.11
1808.000 171.3 60.30
1809.000 170.8 60.18
1810.000 170.5 60.25
1811.000 170.2 60.17
1812.000 170.1 59.96
1813.000 169.8 60.21
1814.000 169.2 60.11
1815.000 169.1 60.15
1816.000 168.6 60.13
1817.000 168.4 60.01
1818.000 168.1 60.23
1819.000 168.0 60.16
1820.000 168.0 60.22
1821.000 167.5 60.20
1822.000 167.3 60.13
1823.000 167.1 60.25
1824.000 166.8 60.10
1825.000 166.5 60.09
1826.000 166.3 60.25
1827.000 166.0 60.06
1828.000 166.1 60.27
1829.000 165.6 60.14
1830.000 165.4 60.18
1831.000 165.3 60.29
1832.000 165.1 60.15
1833.000 165.0 60.49
1834.000 165.0 60.02
1835.000 164.9 60.16
1836.000 164.5 60.30
1837.000 164.4 60.09
1838.000 164.3 60.40
1839.000 164.3 60.32
1840.000 164.3 60.23
1841.000 164.3 60.30
1842.000 164.3 60.19
1843.000 164.2 60.30
1844.000 164.2 60.27
1845.000 164.0 60.16
1846.000 164.0 60.29
1847.000 163.9 60.07
1848.000 163.7 60.22
1849.000 163.5 60.31
1850.000 163.4 60.07
1851.000 163.5 60.27
1852.000 163.4 60.07
1853.000 163.5 60.14
1854.000 163.4 60.25
1855.000 163.5 60.19
1856.000 163.5 60.24
1857.000 163.5 60.16
1858.000 163.5 60.25
1859.000 163.5 60.22
1860.000 163.5 60.15
1861.000 163.6 60.34
1862.000 163.7 60.30
1863.000 163.8 60.28
1864.000 163.9 60.32
1865.000 163.8 60.19
1866.000 163.9 60.49
1867.000 163.9 60.19
1868.000 164.0 60.25
1869.000 164.2 60.29
1870.000 164.3 60.17
1871.000 164.5 60.47
1872.000 164.6 60.18
1873.000 164.6 60.21
1874.000 164.8 60.48
1875.000 164.8 60.16
1876.000 165.0 60.26
1877.000 165.5 60.15
1878.000 165.6 60.18
1879.000 165.9 60.26
1880.000 165.9 60.19
1881.000 166.3 60.40
1882.000 166.4 60.17
1883.000 166.6 60.21
1884.000 166.9 60.38
1885.000 167.0 60.12
1886.000 167.4 60.25
1887.000 167.6 60.21
1888.000 168.0 60.11
1889.000 168.2 60.40
1890.000 168.4 59.98
1891.000 168.7 60.22
1892.000 168.9 60.22
1893.000 168.9 60.21
1894.000 169.3 60.23
1895.000 170.0 60.23
1896.000 170.4 60.22
1897.000 170.7 60.26
1898.000 170.7 60.11
1899.000 171.0 60.35
1900.000 171.7 60.20
1901.000 171.7 60.30
1902.000 172.1 60.37
1903.000 172.5 60.25
1904.000 172.9 60.56
1905.000 173.2 59.96
1906.000 173.7 60.17
1907.000 174.1 60.32
1908.000 174.3 60.19
1909.000 174.6 60.38
1910.000 174.7 60.21
1911.000 175.2 60.21
1912.000 175.8 60.33
1913.000 176.0 60.20
1914.000 176.6 60.35
1915.000 176.6 60.24
1916.000 176.9 60.32
1917.000 177.5 60.33
1918.000 177.9 60.24
1919.000 178.2 60.30
1920.000 178.6 60.32
1921.000 179.1 60.20
1922.000 179.7 60.23
1923.000 180.1 60.08
1924.000 180.5 60.50
1925.000 180.9 60.11
1926.000 181.6 60.17
1927.000 181.8 60.42
1928.000 182.2 60.34
1929.000 182.7 60.35
1930.000 183.1 60.41
1931.000 183.8 60.43
1932.000 184.2 60.48
1933.000 184.7 60.38
1934.000 185.0 60.32
1935.000 185.7 60.36
1936.000 186.2 60.24
1937.000 186.5 60.66
1938.000 186.9 60.28
1939.000 187.6 60.34
1940.000 188.0 60.34
1941.000 188.5 60.26
1942.000 188.8 60.50
1943.000 189.3 60.30
1944.000 189.8 60.36
1945.000 190.3 60.55
1946.000 191.0 60.53
1947.000 191.7 60.58
1948.000 192.0 60.29
1949.000 192.6 60.51
1950.000 193.0 60.55
1951.000 193.4 60.22
1952.000 193.9 60.62
1953.000 194.2 60.39
1954.000 194.8 60.59
1955.000 195.3 60.58
1956.000 195.9 60.31
1957.000 196.2 60.78
1958.000 196.8 60.54
1959.000 197.2 60.90
1960.000 198.1 60.94
1961.000 198.5 61.04
1962.000 198.8 61.23
1963.000 199.2 61.09
1964.000 199.9 61.07
1965.000 200.3 61.19
1966.000 200.4 61.02
1967.000 200.7 61.22
1968.000 201.2 60.96
1969.000 201.8 60.97
1970.000 202.2 61.04
1971.000 202.6 60.96
1972.000 203.1 61.09
1973.000 203.7 60.99
1974.000 204.0 60.95
1975.000 204.4 61.06
1976.000 204.8 60.76
1977.000 205.3 60.77
1978.000 205.7 60.80
1979.000 206.1 60.70
1980.000 206.4 60.79
1981.000 206.9 60.48
1982.000 207.5 60.67
1983.000 207.7 60.60
1984.000 208.1 60.63
1985.000 208.4 60.86
1986.000 208.7 60.54
1987.000 209.1 60.63
1988.000 209.7 60.73
1989.000 209.9 60.68
1990.000 210.2 60.85
1991.000 210.5 60.77
1992.000 210.8 60.84
1993.000 210.9 60.88
1994.000 211.4 60.66
1995.000 211.6 60.82
1996.000 212.1 60.68
1997.000 212.4 60.63
1998.000 212.7 60.75
1999.000 213.0 60.62
2000.000 213.4 60.92
2001.000 213.9 61.14
2002.000 214.0 61.16
2003.000 214.2 61.33
2004.000 214.5 61.21
2005.000 214.6 61.24
2006.000 214.6 61.26
2007.000 215.0 61.17
2008.000 215.5 61.28
2009.000 215.8 61.18
2010.000 215.9 61.28
2011.000 216.1 61.20
2012.000 216.3 61.20
2013.000 216.6 61.31
2014.000 216.6 61.12
2015.000 216.7 61.30
2016.000 216.8 61.40
2017.000 216.9 61.23
2018.000 217.1 61.39
2019.000 217.6 61.21
2020.000 217.7 61.30
2021.000 217.8 61.32
2022.000 217.9 61.22
2023.000 218.0 61.29
2024.000 218.4 61.17
2025.000 218.4 61.26
2026.000 218.5 61.29
2027.000 218.6 61.25
2028.000 218.7 61.29
2029.000 218.7 61.28
2030.000 218.8 61.28
2031.000 218.8 61.30
2032.000 218.8 61.18
2033.000 218.9 61.33
2034.000 218.9 61.25
2035.000 218.9 61.29
2036.000 218.9 61.26
2037.000 218.9 61.17
2038.000 219.0 61.26
2039.000 219.4 61.17
2040.000 219.5 61.04
2041.000 219.5 61.22
2042.000 219.5 61.10
2043.000 219.5 61.23
2044.000 219.4 61.20
2045.000 219.5 61.18
2046.000 219.5 61.22
2047.000 219.4 61.20
2048.000 219.4 61.22
2049.000 219.4 61.19
2050.000 219.4 61.18
2051.000 219.4 61.27
2052.000 219.2 61.16
2053.000 219.2 61.24
2054.000 219.1 61.25
2055.000 219.1 61.24
2056.000 218.9 61.37
2057.000 218.9 61.32
2058.000 218.4 61.25
2059.000 218.4 61.29
2060.000 218.3 61.20
2061.000 218.2 61.33
2062.000 218.2 61.17
2063.000 218.1 61.29
2064.000 218.0 61.34
2065.000 218.0 61.24
2066.000 217.9 61.29
2067.000 217.4 61.22
2068.000 217.2 61.28
2069.000 217.0 61.30
2070.000 216.9 61.22
2071.000 216.5 61.29
2072.000 216.3 61.20
2073.000 216.1 61.29
2074.000 216.0 61.26
2075.000 215.8 61.21
2076.000 215.5 61.26
2077.000 215.2 61.18
2078.000 214.8 61.16
2079.000 214.5 61.27
2080.000 214.4 61.21
2081.000 214.1 61.31
2082.000 214.1 61.18
2083.000 213.8 61.21
2084.000 213.4 61.27
2085.000 213.0 61.10
2086.000 212.8 61.25
2087.000 212.4 61.17
2088.000 212.2 61.10
2089.000 211.9 61.37
2090.000 211.4 61.21
2091.000 211.1 61.31
2092.000 210.9 61.24
2093.000 210.5 61.10
2094.000 210.2 61.17
2095.000 210.1 61.07
2096.000 209.8 61.25
2097.000 209.3 61.07
2098.000 208.8 61.07
2099.000 208.4 61.14
2100.000 208.0 60.94
2101.000 207.9 61.09
2102.000 207.1 61.11
2103.000 206.9 61.03
2104.000 206.3 61.17
2105.000 206.2 61.03
2106.000 205.8 61.12
2107.000 205.3 61.03
2108.000 205.0 60.78
2109.000 204.6 60.90
2110.000 204.2 60.62
2111.000 203.9 60.59
2112.000 203.7 60.69
2113.000 203.0 60.46
2114.000 202.6 60.85
2115.000 202.2 60.63
2116.000 201.8 60.63
2117.000 201.1 60.74
2118.000 200.7 60.49
2119.000 200.2 60.67
2120.000 200.1 60.44
2121.000 199.9 60.80
2122.000 199.3 61.01
2123.000 198.9 61.07
2124.000 198.2 61.17
2125.000 197.9 61.08
2126.000 197.3 61.14
2127.000 197.1 61.19
2128.000 196.5 61.08
