 Masse A  
t x y 
0.000 169.6 60.75
1.000 170.6 60.99
2.000 171.5 60.80
3.000 172.4 60.69
4.000 173.3 60.79
5.000 174.1 61.10
6.000 174.8 60.89
7.000 175.7 60.60
8.000 176.5 60.92
9.000 177.7 60.81
10.000 178.6 60.85
11.000 179.4 60.84
12.000 180.5 60.92
13.000 181.3 60.66
14.000 182.2 60.82
15.000 183.4 60.69
16.000 184.0 60.74
17.000 184.8 60.92
18.000 185.7 60.73
19.000 186.3 60.80
20.000 187.4 60.86
21.000 188.2 60.80
22.000 188.9 60.93
23.000 189.7 60.85
24.000 190.7 60.94
25.000 191.5 60.84
26.000 192.1 60.96
27.000 192.8 60.94
28.000 193.7 61.04
29.000 194.4 60.90
30.000 195.3 61.06
31.000 196.2 61.26
32.000 197.0 61.52
33.000 197.4 61.63
34.000 198.1 61.61
35.000 198.3 61.65
36.000 199.1 61.81
37.000 199.5 61.86
38.000 200.0 61.86
39.000 200.2 61.56
40.000 200.5 61.41
41.000 201.1 61.26
42.000 201.6 61.37
43.000 202.1 61.36
44.000 202.8 61.24
45.000 203.3 60.95
46.000 203.7 60.92
47.000 203.9 60.99
48.000 204.1 60.90
49.000 204.4 60.99
50.000 205.0 61.01
51.000 205.3 60.94
52.000 205.6 60.93
53.000 205.7 60.82
54.000 206.0 60.97
55.000 206.2 60.86
56.000 206.7 61.06
57.000 206.9 61.05
58.000 207.1 61.10
59.000 207.3 60.99
60.000 207.6 60.96
61.000 207.7 61.01
62.000 207.8 60.99
63.000 207.9 61.00
64.000 207.9 60.97
65.000 208.0 61.04
66.000 208.1 61.03
67.000 208.1 60.87
68.000 208.5 60.91
69.000 208.6 60.98
70.000 208.6 60.94
71.000 208.7 60.96
72.000 208.7 61.04
73.000 208.7 60.96
74.000 208.7 61.00
75.000 208.6 60.92
76.000 208.6 60.93
77.000 208.5 60.98
78.000 208.5 60.91
79.000 208.3 61.01
80.000 208.3 60.94
81.000 208.2 60.97
82.000 208.1 60.96
83.000 208.1 61.09
84.000 207.6 60.93
85.000 207.4 60.86
86.000 207.3 60.85
87.000 206.9 61.07
88.000 206.6 60.92
89.000 206.3 60.85
90.000 206.2 60.81
91.000 206.0 60.99
92.000 205.5 60.99
93.000 205.3 60.82
94.000 205.1 60.74
95.000 204.7 60.90
96.000 204.3 60.87
97.000 203.8 61.08
98.000 203.5 60.87
99.000 203.1 61.11
100.000 202.5 60.94
101.000 202.1 60.86
102.000 201.8 60.98
103.000 201.3 60.82
104.000 200.9 61.22
105.000 200.1 61.47
106.000 199.7 61.65
107.000 199.3 61.56
108.000 199.0 61.73
109.000 198.3 61.58
110.000 198.0 61.93
111.000 197.1 61.41
112.000 196.4 61.60
113.000 195.9 61.39
114.000 194.9 61.39
115.000 194.3 61.12
116.000 193.9 60.93
117.000 193.2 60.89
118.000 192.5 60.89
119.000 191.7 60.87
120.000 191.0 60.92
121.000 190.1 60.81
122.000 189.5 60.84
123.000 188.8 60.86
124.000 187.8 60.86
125.000 187.3 60.79
126.000 186.6 60.89
127.000 185.8 60.81
128.000 185.0 60.60
129.000 184.0 60.74
130.000 183.4 60.75
131.000 182.4 60.84
132.000 181.6 60.76
133.000 181.0 60.80
134.000 180.0 60.77
135.000 179.2 60.84
136.000 178.4 60.68
137.000 177.8 60.78
138.000 176.8 60.67
139.000 175.9 60.75
140.000 175.1 60.88
141.000 174.2 60.67
142.000 173.6 60.74
143.000 172.7 60.71
144.000 171.8 60.61
145.000 170.9 60.71
146.000 169.8 60.64
147.000 168.9 60.64
148.000 167.9 60.63
149.000 167.1 60.69
150.000 166.1 60.70
151.000 165.2 60.48
152.000 164.3 60.59
153.000 163.5 60.54
154.000 162.6 60.58
155.000 161.7 60.66
156.000 160.8 60.61
157.000 159.7 60.54
158.000 159.0 60.65
159.000 157.8 60.46
160.000 157.1 60.54
161.000 156.2 60.58
162.000 155.4 60.58
163.000 154.4 60.68
164.000 153.5 60.56
165.000 152.6 60.66
166.000 151.6 60.63
167.000 150.5 60.68
168.000 149.6 60.56
169.000 148.6 60.54
170.000 147.6 60.71
171.000 146.6 60.56
172.000 145.7 60.51
173.000 144.8 60.55
174.000 143.8 60.50
175.000 142.8 60.59
176.000 141.8 60.63
177.000 141.0 60.57
178.000 139.9 60.59
179.000 139.1 60.37
180.000 138.1 60.58
181.000 137.2 60.45
182.000 136.3 60.35
183.000 135.5 60.41
184.000 134.6 60.18
185.000 133.7 60.02
186.000 132.7 59.98
187.000 131.7 59.99
188.000 130.7 59.98
189.000 129.8 59.89
190.000 128.9 60.02
191.000 128.0 60.10
192.000 127.0 59.94
193.000 126.0 60.15
194.000 125.2 59.92
195.000 124.5 59.96
196.000 123.7 60.04
197.000 122.8 60.00
198.000 121.8 60.08
199.000 121.0 59.94
200.000 120.1 59.95
201.000 119.4 59.93
202.000 118.6 59.96
203.000 117.7 59.93
204.000 116.7 60.03
205.000 116.1 59.96
206.000 115.3 59.98
207.000 114.6 59.87
208.000 113.9 60.07
209.000 113.1 59.93
210.000 112.1 59.78
211.000 111.5 59.85
212.000 110.8 59.89
213.000 109.9 59.89
214.000 109.4 59.90
215.000 108.7 59.86
216.000 107.8 59.86
217.000 107.2 59.76
218.000 106.7 59.91
219.000 105.8 59.70
220.000 105.3 59.81
221.000 104.7 59.92
222.000 104.0 59.96
223.000 103.3 59.81
224.000 102.6 59.86
225.000 102.1 59.81
226.000 101.8 59.84
227.000 101.1 59.79
228.000 100.4 59.78
229.000 99.99 59.86
230.000 99.16 59.67
231.000 98.80 59.86
232.000 98.28 59.90
233.000 97.88 59.74
234.000 97.34 59.80
235.000 97.00 59.84
236.000 96.26 59.77
237.000 95.91 59.77
238.000 95.42 59.75
239.000 95.13 59.72
240.000 94.83 59.88
241.000 94.26 59.80
242.000 94.03 59.81
243.000 93.45 59.80
244.000 93.21 59.72
245.000 92.88 59.78
246.000 92.50 59.83
247.000 92.04 59.86
248.000 91.78 59.80
249.000 91.60 59.77
250.000 91.38 59.70
251.000 91.33 59.70
252.000 91.18 59.68
253.000 91.14 59.71
254.000 90.69 59.94
255.000 90.34 59.80
256.000 90.27 59.80
257.000 90.14 59.74
258.000 90.07 59.76
259.000 89.73 59.60
260.000 89.60 59.61
261.000 89.48 59.68
262.000 89.44 59.61
263.000 89.41 59.70
264.000 89.27 59.72
265.000 89.31 59.67
266.000 89.33 59.71
267.000 89.35 59.64
268.000 89.31 59.70
269.000 89.34 59.67
270.000 89.34 59.64
271.000 89.38 59.67
272.000 89.37 59.68
273.000 89.40 59.71
274.000 89.43 59.69
275.000 89.56 59.67
276.000 89.69 59.65
277.000 89.69 59.66
278.000 89.74 59.71
279.000 89.98 59.81
280.000 90.09 59.84
281.000 90.11 59.87
282.000 90.50 59.88
283.000 90.80 59.84
284.000 90.92 59.87
285.000 91.27 59.69
286.000 91.55 59.68
287.000 91.84 59.75
288.000 91.99 59.90
289.000 92.14 59.87
290.000 92.70 59.84
291.000 92.99 59.83
292.000 93.35 59.77
293.000 93.87 59.86
294.000 94.09 59.93
295.000 94.38 59.89
296.000 95.05 59.86
297.000 95.33 59.75
298.000 95.82 59.73
299.000 96.07 59.85
300.000 96.53 59.90
301.000 97.22 59.75
302.000 97.70 59.79
303.000 98.08 59.81
304.000 98.45 59.92
305.000 98.97 59.77
306.000 99.45 59.69
307.000 100.2 59.71
308.000 100.8 59.85
309.000 101.3 59.80
310.000 101.9 59.88
311.000 102.3 59.88
312.000 103.1 59.86
313.000 103.6 59.91
314.000 104.2 59.90
315.000 104.8 59.88
316.000 105.3 59.84
317.000 106.1 59.78
318.000 106.6 59.79
319.000 107.4 59.79
320.000 108.1 59.88
321.000 108.7 59.83
322.000 109.3 59.84
323.000 110.0 59.89
324.000 110.7 59.86
325.000 111.5 59.85
326.000 112.4 59.85
327.000 113.2 59.94
328.000 114.0 60.03
329.000 114.5 59.92
330.000 115.3 59.83
331.000 116.1 59.94
332.000 116.7 59.97
333.000 117.3 59.86
334.000 118.4 59.87
335.000 119.2 59.94
336.000 120.0 59.86
337.000 120.6 59.95
338.000 121.6 59.98
339.000 122.4 59.89
340.000 123.2 59.87
341.000 124.2 59.86
342.000 125.0 59.96
343.000 125.7 59.85
344.000 126.5 60.01
345.000 127.6 59.92
346.000 128.2 59.82
347.000 129.4 59.82
348.000 130.1 60.02
349.000 130.6 59.96
350.000 131.7 59.89
351.000 132.6 59.99
352.000 133.6 60.06
353.000 134.3 59.95
354.000 135.4 59.93
355.000 136.3 59.97
356.000 137.3 60.07
357.000 138.2 60.14
358.000 139.2 60.05
359.000 139.8 60.11
360.000 140.8 60.23
361.000 141.6 60.19
362.000 142.4 59.99
363.000 143.3 60.27
364.000 144.2 60.33
365.000 145.0 60.58
366.000 145.5 60.51
367.000 146.5 60.58
368.000 147.6 60.61
369.000 148.4 60.44
370.000 149.3 60.49
371.000 150.0 60.50
372.000 151.0 60.88
373.000 151.9 60.56
374.000 152.6 60.60
375.000 153.6 60.61
376.000 154.3 60.58
377.000 155.3 60.59
378.000 156.2 60.47
379.000 157.1 60.57
380.000 157.6 60.56
381.000 158.5 60.57
382.000 159.3 60.44
383.000 160.2 60.45
384.000 161.3 60.49
385.000 161.9 60.59
386.000 162.6 60.48
387.000 163.4 60.57
388.000 164.2 60.48
389.000 165.0 60.56
390.000 165.6 60.54
391.000 166.4 60.51
392.000 167.2 60.46
393.000 168.2 60.51
394.000 169.1 60.45
395.000 169.9 60.57
396.000 170.5 60.69
397.000 171.4 60.61
398.000 172.1 60.78
399.000 172.6 60.66
400.000 173.4 60.72
401.000 174.0 60.70
402.000 174.6 60.74
403.000 175.3 60.67
404.000 176.1 60.84
405.000 176.8 60.78
406.000 177.4 60.70
407.000 178.1 60.91
408.000 178.6 60.80
409.000 179.4 60.67
410.000 179.9 60.70
411.000 180.5 60.75
412.000 181.3 60.79
413.000 181.8 60.83
414.000 182.3 60.76
415.000 183.0 60.83
416.000 183.5 60.77
417.000 184.1 60.78
418.000 184.5 60.79
419.000 185.2 60.77
420.000 185.8 60.72
421.000 186.2 60.82
422.000 187.0 60.94
423.000 187.4 60.76
424.000 187.9 60.79
425.000 188.2 60.80
426.000 188.8 60.86
427.000 189.2 60.80
428.000 189.7 60.75
429.000 190.0 60.83
430.000 190.3 60.77
431.000 191.0 60.93
432.000 191.3 60.92
433.000 191.8 60.92
434.000 192.0 60.90
435.000 192.2 60.77
436.000 192.6 60.80
437.000 192.9 60.84
438.000 193.1 60.87
439.000 193.4 60.87
440.000 193.7 60.88
441.000 193.8 60.92
442.000 194.0 60.96
443.000 194.1 61.00
444.000 194.3 61.08
445.000 194.7 61.00
446.000 194.9 61.01
447.000 195.0 60.98
448.000 195.1 60.97
449.000 195.5 61.00
450.000 195.7 60.97
451.000 195.7 60.99
452.000 195.8 61.00
453.000 195.8 61.00
454.000 195.8 61.00
455.000 195.9 61.03
456.000 195.9 61.11
457.000 195.9 61.04
458.000 195.9 61.01
459.000 195.9 61.05
460.000 195.9 61.05
461.000 195.8 61.05
462.000 195.8 61.01
463.000 195.7 61.03
464.000 195.6 60.98
465.000 195.4 60.96
466.000 195.4 61.02
467.000 195.3 60.97
468.000 195.1 61.02
469.000 194.7 60.96
470.000 194.5 60.96
471.000 194.1 60.93
472.000 194.1 60.93
473.000 193.8 60.85
474.000 193.6 60.86
475.000 193.4 60.89
476.000 193.1 60.83
477.000 192.8 60.95
478.000 192.5 60.90
479.000 192.2 60.92
480.000 191.9 60.91
481.000 191.4 60.93
482.000 191.2 60.86
483.000 190.7 60.77
484.000 190.3 60.77
485.000 189.8 60.86
486.000 189.4 60.78
487.000 189.2 60.84
488.000 188.7 60.89
489.000 188.1 60.84
490.000 187.5 60.74
491.000 187.2 60.76
492.000 186.6 60.96
493.000 185.9 60.76
494.000 185.5 60.93
495.000 185.1 60.94
496.000 184.4 60.86
497.000 183.9 60.84
498.000 183.5 60.89
499.000 183.0 60.90
500.000 182.2 60.82
501.000 181.7 60.76
502.000 181.2 60.77
503.000 180.5 60.67
504.000 179.9 60.71
505.000 179.2 60.66
506.000 178.5 60.73
507.000 178.0 60.73
508.000 177.3 60.66
509.000 176.8 60.70
510.000 175.8 60.80
511.000 175.2 60.56
512.000 174.6 60.73
513.000 173.9 60.67
514.000 173.3 60.68
515.000 172.6 60.61
516.000 171.9 60.73
517.000 171.2 60.53
518.000 170.4 60.57
519.000 169.7 60.58
520.000 168.8 60.54
521.000 168.0 60.62
522.000 167.2 60.44
523.000 166.4 60.43
524.000 165.7 60.50
525.000 165.0 60.51
526.000 164.0 60.59
527.000 163.3 60.53
528.000 162.6 60.57
529.000 161.9 60.55
530.000 161.1 60.44
531.000 160.4 60.49
532.000 159.6 60.55
533.000 158.7 60.55
534.000 157.9 60.59
535.000 157.2 60.54
536.000 156.5 60.66
537.000 155.8 60.62
538.000 154.9 60.66
539.000 153.8 60.65
540.000 152.9 60.71
541.000 152.0 60.54
542.000 151.4 60.64
543.000 150.5 60.62
544.000 149.8 60.58
545.000 148.8 60.53
546.000 148.1 60.58
547.000 147.2 60.67
548.000 146.4 60.52
549.000 145.6 60.48
550.000 144.7 60.46
551.000 143.8 60.42
552.000 142.7 60.66
553.000 141.9 60.44
554.000 141.1 60.32
555.000 140.4 60.61
556.000 139.5 60.39
557.000 138.8 60.49
558.000 137.8 60.51
559.000 137.2 60.38
560.000 136.2 60.38
561.000 135.4 60.43
562.000 134.5 60.32
563.000 133.6 60.26
564.000 132.8 60.23
565.000 131.9 59.99
566.000 130.9 60.01
567.000 130.2 59.85
568.000 129.7 59.89
569.000 128.8 59.87
570.000 127.8 59.94
571.000 127.1 59.87
572.000 126.4 59.86
573.000 125.6 59.81
574.000 124.8 60.08
575.000 124.0 60.08
576.000 123.2 59.77
577.000 122.5 59.87
578.000 121.7 59.89
579.000 120.8 60.00
580.000 120.0 60.01
581.000 119.4 59.87
582.000 118.8 59.97
583.000 117.8 59.90
584.000 117.2 59.80
585.000 116.6 60.00
586.000 115.8 59.97
587.000 115.1 59.83
588.000 114.6 59.97
589.000 113.8 59.90
590.000 113.0 60.01
591.000 112.3 59.80
592.000 111.6 59.78
593.000 111.1 59.89
594.000 110.2 59.75
595.000 109.6 59.89
596.000 109.3 59.81
597.000 108.8 59.80
598.000 107.8 59.90
599.000 107.2 59.82
600.000 106.8 59.86
601.000 106.0 59.83
602.000 105.4 59.75
603.000 105.1 59.81
604.000 104.6 59.88
605.000 104.0 59.90
606.000 103.4 59.84
607.000 102.8 59.85
608.000 102.2 59.78
609.000 101.8 59.82
610.000 101.4 59.82
611.000 101.1 59.93
612.000 100.3 59.79
613.000 100.0 59.79
614.000 99.51 59.69
615.000 99.13 59.62
616.000 98.86 59.86
617.000 98.36 59.81
618.000 97.99 59.75
619.000 97.52 59.65
620.000 97.33 59.65
621.000 97.10 59.80
622.000 96.52 59.83
623.000 96.23 59.78
624.000 96.05 59.87
625.000 95.65 59.81
626.000 95.42 59.75
627.000 95.16 59.69
628.000 95.02 59.74
629.000 94.66 59.78
630.000 94.42 59.80
631.000 94.22 59.82
632.000 94.04 59.76
633.000 93.83 59.83
634.000 93.59 59.75
635.000 93.58 59.76
636.000 93.36 59.74
637.000 93.35 59.68
638.000 93.33 59.72
639.000 93.26 59.67
640.000 93.21 59.65
641.000 93.06 59.79
642.000 92.68 59.70
643.000 92.65 59.79
644.000 92.59 59.78
645.000 92.57 59.77
646.000 92.57 59.79
647.000 92.52 59.77
648.000 92.50 59.83
649.000 92.59 59.81
650.000 92.54 59.76
651.000 92.59 59.80
652.000 92.65 59.83
653.000 92.67 59.74
654.000 92.70 59.77
655.000 92.92 59.69
656.000 92.98 59.75
657.000 93.07 59.77
658.000 93.17 59.81
659.000 93.55 59.79
660.000 93.82 59.75
661.000 93.99 59.88
662.000 94.00 59.80
663.000 94.21 59.78
664.000 94.68 59.79
665.000 94.79 59.73
666.000 95.17 59.72
667.000 95.53 59.75
668.000 95.70 59.79
669.000 95.81 59.83
670.000 96.22 59.78
671.000 96.65 59.88
672.000 97.10 59.83
673.000 97.21 59.72
674.000 97.77 59.72
675.000 97.96 59.78
676.000 98.21 59.74
677.000 98.79 59.76
678.000 98.96 59.67
679.000 99.37 59.61
680.000 100.1 59.72
681.000 100.3 59.77
682.000 100.8 59.88
683.000 101.1 59.78
684.000 101.9 59.87
685.000 102.0 59.91
686.000 102.4 59.79
687.000 103.3 59.74
688.000 104.0 59.92
689.000 104.2 59.84
690.000 104.8 59.86
691.000 105.3 59.91
692.000 105.9 59.78
693.000 106.3 59.70
694.000 107.0 59.88
695.000 107.4 59.78
696.000 108.2 59.79
697.000 109.0 59.83
698.000 109.4 59.77
699.000 109.9 59.95
700.000 110.5 59.76
701.000 111.1 59.79
702.000 112.1 59.89
703.000 112.5 59.89
704.000 113.2 59.88
705.000 114.2 59.88
706.000 114.7 59.94
707.000 115.1 59.78
708.000 116.1 59.90
709.000 116.9 60.02
710.000 117.3 59.82
711.000 118.1 59.93
712.000 118.6 59.91
713.000 119.4 59.82
714.000 120.1 59.92
715.000 120.8 59.99
716.000 121.5 59.87
717.000 122.4 59.88
718.000 123.2 59.81
719.000 124.1 59.94
720.000 124.6 60.02
721.000 125.3 59.85
722.000 126.3 59.72
723.000 127.2 59.88
724.000 128.0 59.95
725.000 128.5 59.94
726.000 129.5 59.87
727.000 130.1 59.98
728.000 130.8 59.96
729.000 131.7 59.85
730.000 132.4 59.79
731.000 133.3 59.96
732.000 134.2 60.01
733.000 135.2 59.93
734.000 136.0 60.06
735.000 136.7 60.11
736.000 137.4 59.98
737.000 138.4 60.01
738.000 139.2 59.99
739.000 140.1 60.14
740.000 140.6 60.06
741.000 141.4 59.99
742.000 142.2 60.05
743.000 143.3 60.12
744.000 144.1 60.08
745.000 145.1 60.01
746.000 145.6 60.26
747.000 146.4 60.43
748.000 147.2 60.57
749.000 148.2 60.52
750.000 148.8 60.55
751.000 149.6 60.50
752.000 150.2 60.57
753.000 151.3 60.64
754.000 151.9 60.58
755.000 152.7 60.57
756.000 153.6 60.66
757.000 154.3 60.59
758.000 155.3 60.55
759.000 156.0 60.62
760.000 156.7 60.57
761.000 157.4 60.50
762.000 158.1 60.55
763.000 158.7 60.51
764.000 159.5 60.50
765.000 160.2 60.43
766.000 161.2 60.44
767.000 161.9 60.59
768.000 162.5 60.65
769.000 163.2 60.42
770.000 163.8 60.50
771.000 164.4 60.51
772.000 165.4 60.48
773.000 166.0 60.52
774.000 166.4 60.53
775.000 167.3 60.49
776.000 168.0 60.51
777.000 168.6 60.49
778.000 169.6 60.56
779.000 170.1 60.77
780.000 170.8 60.68
781.000 171.5 60.72
782.000 172.1 60.66
783.000 172.7 60.66
784.000 173.4 60.64
785.000 174.0 60.76
786.000 174.5 60.78
787.000 175.2 60.66
788.000 175.8 60.67
789.000 176.3 60.64
790.000 177.0 60.74
791.000 177.5 60.64
792.000 178.0 60.82
793.000 178.3 60.75
794.000 179.1 60.76
795.000 179.8 60.73
796.000 180.1 60.75
797.000 180.5 60.78
798.000 181.1 60.80
799.000 181.5 60.73
800.000 182.0 60.84
801.000 182.4 60.79
802.000 183.1 60.66
803.000 183.8 60.74
804.000 183.9 60.90
805.000 184.3 60.83
806.000 184.8 60.89
807.000 185.0 60.91
808.000 185.5 60.79
809.000 186.0 60.80
810.000 186.3 60.92
811.000 186.8 60.89
812.000 186.9 60.93
813.000 187.3 60.71
814.000 187.7 60.76
815.000 187.9 60.82
816.000 188.2 60.73
817.000 188.5 60.75
818.000 189.0 60.87
819.000 188.9 60.84
820.000 189.3 60.74
821.000 189.5 60.80
822.000 189.7 60.88
823.000 189.9 60.83
824.000 189.9 60.85
825.000 190.0 60.86
826.000 190.1 60.90
827.000 190.1 60.74
828.000 190.7 60.85
829.000 190.8 60.83
830.000 190.8 60.87
831.000 190.8 60.88
832.000 190.9 60.82
833.000 191.0 60.85
834.000 190.9 60.86
835.000 191.0 60.84
836.000 191.0 60.83
837.000 191.0 60.86
838.000 191.0 60.89
839.000 191.0 60.87
840.000 190.9 60.84
841.000 191.0 60.87
842.000 190.9 60.82
843.000 190.8 60.87
844.000 190.8 60.82
845.000 190.7 60.84
846.000 190.7 60.79
847.000 190.4 60.79
848.000 190.4 60.77
849.000 190.3 60.77
850.000 190.1 60.87
851.000 189.7 60.75
852.000 189.4 60.72
853.000 189.3 60.71
854.000 189.3 60.80
855.000 189.2 60.74
856.000 188.7 60.88
857.000 188.4 60.82
858.000 188.2 60.79
859.000 187.9 60.81
860.000 187.4 60.78
861.000 187.4 60.80
862.000 187.0 61.06
863.000 186.3 60.92
864.000 186.1 60.78
865.000 185.5 60.78
866.000 185.2 60.87
867.000 184.8 60.96
868.000 184.3 60.92
869.000 184.1 60.87
870.000 183.5 60.76
871.000 183.2 60.66
872.000 182.8 60.87
873.000 182.3 60.76
874.000 181.8 60.80
875.000 181.3 60.74
876.000 181.0 60.86
877.000 180.2 60.76
878.000 179.8 60.79
879.000 179.3 60.75
880.000 178.9 60.78
881.000 178.3 60.89
882.000 177.8 60.84
883.000 177.2 60.70
884.000 176.9 60.77
885.000 176.0 60.79
886.000 175.4 60.68
887.000 175.0 60.80
888.000 174.2 60.71
889.000 173.8 60.66
890.000 173.2 60.66
891.000 172.6 60.64
892.000 171.9 60.80
893.000 171.4 60.71
894.000 170.6 60.57
895.000 170.0 60.67
896.000 169.4 60.54
897.000 168.6 60.50
898.000 167.9 60.45
899.000 167.2 60.41
900.000 166.5 60.46
901.000 165.9 60.50
902.000 165.2 60.38
903.000 164.5 60.65
904.000 163.8 60.59
905.000 163.2 60.55
906.000 162.5 60.58
907.000 161.8 60.53
908.000 161.1 60.73
909.000 160.2 60.43
910.000 159.7 60.60
911.000 158.9 60.62
912.000 158.0 60.62
913.000 157.3 60.46
914.000 156.8 60.59
915.000 156.0 60.62
916.000 155.3 60.63
917.000 154.6 60.57
918.000 153.9 60.62
919.000 153.2 60.52
920.000 152.4 60.53
921.000 151.6 60.55
922.000 150.8 60.67
923.000 150.0 60.63
924.000 149.2 60.50
925.000 148.4 60.54
926.000 147.7 60.57
927.000 146.9 60.63
928.000 146.0 60.52
929.000 145.4 60.50
930.000 144.5 60.44
931.000 143.9 60.45
932.000 142.9 60.53
933.000 142.1 60.59
934.000 141.2 60.32
935.000 140.6 60.47
936.000 139.9 60.56
937.000 139.1 60.50
938.000 138.5 60.43
939.000 137.6 60.40
940.000 137.0 60.51
941.000 135.9 60.41
942.000 135.3 60.31
943.000 134.6 60.39
944.000 133.9 60.44
945.000 133.0 60.37
946.000 132.1 60.41
947.000 131.4 60.42
948.000 130.5 60.34
949.000 130.0 60.48
950.000 129.1 60.27
951.000 128.7 60.36
952.000 127.7 60.44
953.000 127.1 60.48
954.000 126.2 60.34
955.000 125.6 60.27
956.000 125.1 60.47
957.000 124.3 60.23
958.000 123.8 60.06
959.000 123.1 60.04
960.000 122.1 59.91
961.000 121.3 59.94
962.000 120.6 59.99
963.000 120.1 59.88
964.000 119.4 59.90
965.000 119.0 59.98
966.000 118.2 59.83
967.000 117.8 59.97
968.000 117.2 59.92
969.000 116.6 60.04
970.000 115.9 60.04
971.000 115.2 59.93
972.000 114.8 59.96
973.000 114.1 59.99
974.000 113.3 60.00
975.000 112.8 60.07
976.000 112.2 59.67
977.000 111.9 59.75
978.000 111.1 59.87
979.000 110.4 59.76
980.000 110.0 59.92
981.000 109.4 59.76
982.000 109.2 59.80
983.000 108.7 59.86
984.000 108.1 59.88
985.000 107.4 59.86
986.000 107.2 59.79
987.000 106.8 59.84
988.000 106.1 59.87
989.000 105.7 59.87
990.000 105.4 59.90
991.000 105.0 59.92
992.000 104.7 59.85
993.000 104.2 59.73
994.000 103.9 59.79
995.000 103.4 59.70
996.000 103.2 59.69
997.000 102.7 59.75
998.000 102.3 59.76
999.000 102.2 59.72
1000.000 101.8 59.80
1001.000 101.4 59.81
1002.000 101.1 59.79
1003.000 101.0 59.91
1004.000 100.4 59.74
1005.000 100.4 59.74
1006.000 100.1 59.61
1007.000 100.1 59.96
1008.000 99.53 59.69
1009.000 99.42 59.67
1010.000 99.37 59.75
1011.000 99.28 59.77
1012.000 99.26 59.84
1013.000 99.12 59.95
1014.000 98.48 59.83
1015.000 98.49 59.85
1016.000 98.35 59.79
1017.000 98.32 59.77
1018.000 98.22 59.73
1019.000 98.19 59.67
1020.000 98.15 59.68
1021.000 98.12 59.83
1022.000 97.77 59.82
1023.000 97.73 59.80
1024.000 97.63 59.76
1025.000 97.66 59.75
1026.000 97.66 59.77
1027.000 97.69 59.75
1028.000 97.67 59.77
1029.000 97.68 59.74
1030.000 97.71 59.74
1031.000 97.72 59.74
1032.000 97.82 59.81
1033.000 97.84 59.82
1034.000 97.86 59.82
1035.000 97.94 59.79
1036.000 98.02 59.90
1037.000 98.20 59.84
1038.000 98.57 59.90
1039.000 98.62 59.87
1040.000 98.81 59.83
1041.000 98.89 59.81
1042.000 99.10 59.71
1043.000 99.18 59.67
1044.000 99.79 59.84
1045.000 100.1 59.87
1046.000 100.2 59.66
1047.000 100.5 59.70
1048.000 100.8 59.79
1049.000 100.9 59.82
1050.000 101.3 59.78
1051.000 101.7 59.82
1052.000 101.9 59.80
1053.000 102.0 59.82
1054.000 102.4 59.74
1055.000 102.8 59.76
1056.000 103.2 59.71
1057.000 103.8 59.75
1058.000 104.1 59.84
1059.000 104.4 59.76
1060.000 104.9 59.93
1061.000 105.2 59.81
1062.000 105.7 59.77
1063.000 105.9 59.83
1064.000 106.3 59.64
1065.000 106.9 59.81
1066.000 107.3 59.80
1067.000 107.8 59.88
1068.000 108.2 59.79
1069.000 108.7 59.82
1070.000 109.3 59.79
1071.000 109.8 59.82
1072.000 110.3 59.67
1073.000 110.8 59.83
1074.000 111.2 59.74
1075.000 112.1 59.66
1076.000 112.7 59.99
1077.000 113.1 60.07
1078.000 113.5 59.96
1079.000 114.2 59.85
1080.000 115.0 59.95
1081.000 115.2 59.99
1082.000 115.9 60.02
1083.000 116.4 59.97
1084.000 117.1 59.82
1085.000 117.8 59.94
1086.000 118.3 59.94
1087.000 119.1 60.00
1088.000 119.6 59.81
1089.000 120.1 59.84
1090.000 120.5 59.87
1091.000 121.4 60.03
1092.000 122.2 59.75
1093.000 123.1 60.16
1094.000 123.6 59.98
1095.000 124.2 59.82
1096.000 125.1 60.06
1097.000 125.8 59.96
1098.000 126.4 59.96
1099.000 127.2 60.07
1100.000 127.9 59.97
1101.000 128.4 59.98
1102.000 129.3 59.91
1103.000 130.0 59.95
1104.000 130.5 60.02
1105.000 131.3 59.90
1106.000 132.2 60.05
1107.000 133.0 60.04
1108.000 133.5 60.05
1109.000 134.4 60.02
1110.000 135.1 60.10
1111.000 135.6 60.01
1112.000 136.4 60.07
1113.000 137.2 60.07
1114.000 138.1 60.01
1115.000 138.9 60.11
1116.000 139.5 60.23
1117.000 140.1 60.08
1118.000 141.0 60.08
1119.000 141.7 60.16
1120.000 142.4 60.08
1121.000 143.2 60.28
1122.000 143.7 60.35
1123.000 144.5 60.37
1124.000 145.4 60.44
1125.000 146.0 60.57
1126.000 146.6 60.51
1127.000 147.5 60.58
1128.000 148.4 60.62
1129.000 148.9 60.54
1130.000 149.8 60.56
1131.000 150.3 60.49
1132.000 151.2 60.57
1133.000 152.0 60.60
1134.000 152.4 60.50
1135.000 153.3 60.56
1136.000 154.0 60.63
1137.000 154.7 60.58
1138.000 155.4 60.52
1139.000 156.1 60.57
1140.000 156.8 60.59
1141.000 157.3 60.39
1142.000 158.3 60.44
1143.000 159.0 60.74
1144.000 159.6 60.60
1145.000 160.0 60.54
1146.000 160.7 60.61
1147.000 161.2 60.47
1148.000 162.2 60.46
1149.000 162.9 60.57
1150.000 163.5 60.53
1151.000 164.0 60.53
1152.000 164.5 60.50
1153.000 165.3 60.55
1154.000 166.0 60.57
1155.000 166.4 60.40
1156.000 167.2 60.52
1157.000 168.1 60.51
1158.000 168.4 60.46
1159.000 169.1 60.58
1160.000 169.7 60.66
1161.000 170.2 60.66
1162.000 170.9 60.74
1163.000 171.5 60.76
1164.000 171.9 60.83
1165.000 172.5 60.71
1166.000 173.3 60.70
1167.000 173.7 60.63
1168.000 174.1 60.73
1169.000 174.5 60.69
1170.000 175.1 60.64
1171.000 175.8 60.77
1172.000 176.0 60.88
1173.000 176.6 60.76
1174.000 177.1 60.87
1175.000 177.6 60.73
1176.000 177.9 60.74
1177.000 178.1 60.79
1178.000 178.7 60.73
1179.000 179.0 60.78
1180.000 179.5 60.72
1181.000 180.0 60.75
1182.000 180.3 60.78
1183.000 180.8 60.85
1184.000 181.2 60.73
1185.000 181.8 60.79
1186.000 182.0 60.82
1187.000 182.3 60.80
1188.000 182.8 60.82
1189.000 183.2 60.80
1190.000 183.8 60.80
1191.000 183.8 60.75
1192.000 183.9 60.79
1193.000 184.1 60.86
1194.000 184.4 60.84
1195.000 185.0 60.89
1196.000 185.0 60.90
1197.000 185.3 60.83
1198.000 185.5 60.73
1199.000 185.7 60.79
1200.000 186.0 60.83
1201.000 185.9 60.83
1202.000 186.0 60.83
1203.000 186.3 60.81
1204.000 186.6 60.82
1205.000 186.7 60.88
1206.000 186.8 60.79
1207.000 186.8 60.78
1208.000 186.8 60.75
1209.000 186.9 60.78
1210.000 186.9 60.81
1211.000 187.0 60.83
1212.000 187.2 60.73
1213.000 187.4 60.69
1214.000 187.5 60.73
1215.000 187.5 60.74
1216.000 187.5 60.73
1217.000 187.5 60.73
1218.000 187.5 60.72
1219.000 187.5 60.72
1220.000 187.4 60.77
1221.000 187.4 60.73
1222.000 187.4 60.75
1223.000 187.4 60.73
1224.000 187.2 60.77
1225.000 187.2 60.92
1226.000 187.2 60.85
1227.000 187.2 60.89
1228.000 187.0 60.94
1229.000 186.6 60.89
1230.000 186.3 60.84
1231.000 186.0 60.86
1232.000 185.7 60.90
1233.000 185.5 60.82
1234.000 185.4 60.87
1235.000 185.4 60.81
1236.000 185.1 60.73
1237.000 184.7 60.80
1238.000 184.3 60.75
1239.000 184.0 60.76
1240.000 183.7 60.71
1241.000 183.4 60.76
1242.000 183.4 60.79
1243.000 183.0 60.79
1244.000 182.4 60.82
1245.000 182.0 60.75
1246.000 181.5 60.76
1247.000 181.3 60.83
1248.000 181.1 60.92
1249.000 180.3 60.81
1250.000 180.1 60.83
1251.000 179.5 60.72
1252.000 179.1 60.81
1253.000 178.5 60.78
1254.000 178.3 60.81
1255.000 178.1 60.87
1256.000 177.5 60.81
1257.000 177.2 60.82
1258.000 176.9 60.82
1259.000 176.1 60.79
1260.000 175.4 60.68
1261.000 175.2 60.73
1262.000 174.9 60.87
1263.000 174.0 60.86
1264.000 173.6 60.71
1265.000 173.2 60.71
1266.000 172.8 60.78
1267.000 172.2 60.72
1268.000 171.7 60.75
1269.000 171.2 60.59
1270.000 170.6 60.65
1271.000 170.0 60.68
1272.000 169.2 60.47
1273.000 168.7 60.43
1274.000 168.0 60.49
1275.000 167.4 60.45
1276.000 166.7 60.54
1277.000 166.2 60.50
1278.000 165.7 60.57
1279.000 165.0 60.58
1280.000 164.3 60.52
1281.000 163.8 60.61
1282.000 163.1 60.51
1283.000 162.6 60.55
1284.000 161.8 60.50
1285.000 161.1 60.46
1286.000 160.6 60.63
1287.000 159.8 60.57
1288.000 159.5 60.61
1289.000 158.7 60.55
1290.000 158.0 60.56
1291.000 157.2 60.36
1292.000 156.8 60.59
1293.000 156.0 60.62
1294.000 155.3 60.54
1295.000 154.8 60.70
1296.000 153.9 60.58
1297.000 153.2 60.56
1298.000 152.8 60.70
1299.000 151.8 60.58
1300.000 151.2 60.60
1301.000 150.7 60.54
1302.000 149.8 60.65
1303.000 149.2 60.49
1304.000 148.5 60.60
1305.000 147.9 60.61
1306.000 146.9 60.60
1307.000 146.2 60.54
1308.000 145.8 60.58
1309.000 144.9 60.56
1310.000 144.0 60.48
1311.000 143.3 60.49
1312.000 142.8 60.51
1313.000 141.9 60.53
1314.000 141.2 60.34
1315.000 140.6 60.49
1316.000 140.0 60.59
1317.000 139.1 60.45
1318.000 138.8 60.60
1319.000 137.8 60.49
1320.000 137.0 60.43
1321.000 136.2 60.35
1322.000 135.6 60.38
1323.000 135.1 60.53
1324.000 134.3 60.39
1325.000 133.5 60.32
1326.000 133.0 60.41
1327.000 132.0 60.39
1328.000 131.3 60.31
1329.000 131.0 60.10
1330.000 130.2 60.03
1331.000 129.7 60.02
1332.000 129.1 59.92
1333.000 128.6 60.09
1334.000 127.7 59.97
1335.000 127.0 59.90
1336.000 126.2 59.92
1337.000 125.7 59.89
1338.000 125.2 60.09
1339.000 124.5 60.00
1340.000 123.9 59.86
1341.000 123.2 59.83
1342.000 122.8 59.93
1343.000 122.0 59.89
1344.000 121.2 59.94
1345.000 120.8 59.92
1346.000 120.1 59.88
1347.000 119.5 59.84
1348.000 119.2 59.85
1349.000 118.6 59.93
1350.000 118.0 59.96
1351.000 117.4 59.87
1352.000 116.9 59.93
1353.000 116.3 59.89
1354.000 115.9 60.02
1355.000 115.3 59.91
1356.000 115.0 60.08
1357.000 114.3 59.85
1358.000 113.8 59.96
1359.000 113.3 59.88
1360.000 113.0 60.00
1361.000 112.4 59.91
1362.000 112.0 59.72
1363.000 111.4 59.71
1364.000 111.0 59.88
1365.000 110.4 59.81
1366.000 110.1 59.79
1367.000 109.6 59.77
1368.000 109.4 59.71
1369.000 109.2 59.73
1370.000 108.6 59.82
1371.000 108.2 59.72
1372.000 107.9 59.79
1373.000 107.5 59.85
1374.000 107.3 59.85
1375.000 107.1 59.87
1376.000 106.4 59.76
1377.000 106.2 59.67
1378.000 105.9 59.85
1379.000 105.6 59.85
1380.000 105.4 59.84
1381.000 105.4 59.84
1382.000 105.2 59.70
1383.000 104.9 59.83
1384.000 104.6 59.80
1385.000 104.2 59.70
1386.000 104.1 59.67
1387.000 103.9 59.79
1388.000 103.7 59.77
1389.000 103.5 59.78
1390.000 103.3 59.71
1391.000 103.3 59.72
1392.000 103.1 59.67
1393.000 103.1 59.80
1394.000 102.6 59.77
1395.000 102.5 59.77
1396.000 102.4 59.79
1397.000 102.4 59.80
1398.000 102.3 59.76
1399.000 102.3 59.73
1400.000 102.3 59.77
1401.000 102.2 59.72
1402.000 102.2 59.76
1403.000 102.2 59.81
1404.000 102.2 59.79
1405.000 102.2 59.73
1406.000 102.2 59.77
1407.000 102.2 59.72
1408.000 102.2 59.74
1409.000 102.2 59.72
1410.000 102.2 59.70
1411.000 102.3 59.75
1412.000 102.3 59.75
1413.000 102.5 59.79
1414.000 102.5 59.79
1415.000 102.5 59.80
1416.000 102.7 59.69
1417.000 102.8 59.72
1418.000 102.9 59.73
1419.000 103.0 59.78
1420.000 103.2 59.71
1421.000 103.7 59.75
1422.000 103.8 59.80
1423.000 103.8 59.74
1424.000 104.2 59.66
1425.000 104.4 59.71
1426.000 104.9 59.89
1427.000 104.8 59.90
1428.000 105.1 59.99
1429.000 105.2 59.74
1430.000 105.8 59.88
1431.000 105.8 59.79
1432.000 106.1 59.84
1433.000 106.1 59.64
1434.000 106.9 59.84
1435.000 107.2 59.80
1436.000 107.5 59.84
1437.000 107.9 59.81
1438.000 108.1 59.73
1439.000 108.5 59.80
1440.000 108.9 59.86
1441.000 109.3 59.71
1442.000 109.7 59.83
1443.000 110.1 59.80
1444.000 110.4 59.72
1445.000 111.0 59.87
1446.000 111.3 59.79
1447.000 111.9 59.73
1448.000 112.2 59.78
1449.000 112.8 60.18
1450.000 113.2 60.02
1451.000 113.7 59.87
1452.000 114.2 59.84
1453.000 114.9 59.94
1454.000 115.0 59.91
1455.000 115.5 59.98
1456.000 116.0 60.03
1457.000 116.5 59.98
1458.000 117.2 59.77
1459.000 117.7 59.89
1460.000 118.2 59.84
1461.000 118.9 59.95
1462.000 119.4 59.80
1463.000 119.9 59.86
1464.000 120.2 59.80
1465.000 121.0 59.95
1466.000 121.5 59.86
1467.000 122.1 59.96
1468.000 122.6 59.92
1469.000 123.4 59.82
1470.000 124.1 60.00
1471.000 124.8 60.07
1472.000 125.2 60.04
1473.000 125.8 59.85
1474.000 126.4 59.85
1475.000 127.2 59.93
1476.000 127.9 59.99
1477.000 128.6 60.03
1478.000 129.1 60.05
1479.000 129.5 59.94
1480.000 130.3 59.93
1481.000 131.0 59.95
1482.000 131.4 59.88
1483.000 132.3 59.91
1484.000 133.0 60.08
1485.000 133.5 59.93
1486.000 134.4 59.97
1487.000 135.1 60.09
1488.000 135.6 60.11
1489.000 136.3 60.02
1490.000 137.1 60.07
1491.000 137.8 60.17
1492.000 138.2 60.25
1493.000 139.1 60.41
1494.000 139.9 60.47
1495.000 140.3 60.43
1496.000 141.1 60.32
1497.000 141.7 60.50
1498.000 142.3 60.50
1499.000 143.2 60.47
1500.000 143.8 60.48
1501.000 144.6 60.48
1502.000 145.2 60.45
1503.000 145.9 60.71
1504.000 146.6 60.67
1505.000 147.3 60.40
1506.000 147.9 60.57
1507.000 148.4 60.52
1508.000 149.3 60.58
1509.000 149.9 60.65
1510.000 150.4 60.60
1511.000 151.1 60.63
1512.000 151.9 60.62
1513.000 152.4 60.58
1514.000 153.3 60.55
1515.000 153.8 60.50
1516.000 154.4 60.61
1517.000 155.3 60.61
1518.000 155.9 60.57
1519.000 156.3 60.48
1520.000 157.0 60.50
1521.000 157.5 60.44
1522.000 158.1 60.54
1523.000 158.7 60.60
1524.000 159.5 60.60
1525.000 159.8 60.51
1526.000 160.4 60.64
1527.000 161.2 60.44
1528.000 161.8 60.50
1529.000 162.5 60.48
1530.000 163.0 60.53
1531.000 163.3 60.50
1532.000 164.2 60.46
1533.000 164.9 60.59
1534.000 165.3 60.46
1535.000 165.8 60.54
1536.000 166.3 60.43
1537.000 167.0 60.60
1538.000 167.5 60.40
1539.000 168.1 60.58
1540.000 168.6 60.52
1541.000 169.2 60.42
1542.000 169.8 60.71
1543.000 170.2 60.61
1544.000 171.0 60.71
1545.000 171.3 60.70
1546.000 171.8 60.74
1547.000 172.2 60.67
1548.000 172.7 60.80
1549.000 173.3 60.66
1550.000 173.8 60.70
1551.000 173.9 60.74
1552.000 174.4 60.72
1553.000 174.8 60.87
1554.000 175.4 60.70
1555.000 175.8 60.77
1556.000 176.1 60.94
1557.000 176.4 60.80
1558.000 177.0 60.82
1559.000 177.3 60.77
1560.000 177.7 60.78
1561.000 177.9 60.75
1562.000 178.3 60.80
1563.000 178.7 60.74
1564.000 178.8 60.70
1565.000 179.2 60.65
1566.000 179.8 60.75
1567.000 180.1 60.71
1568.000 180.2 60.79
1569.000 180.6 60.93
1570.000 180.8 60.88
1571.000 181.2 60.84
1572.000 181.6 60.94
1573.000 181.7 60.82
1574.000 181.8 60.85
1575.000 182.1 60.90
1576.000 182.1 60.90
1577.000 182.1 60.87
1578.000 182.2 60.85
1579.000 182.6 60.87
1580.000 182.7 60.87
1581.000 182.9 60.82
1582.000 183.1 60.88
1583.000 183.3 60.73
1584.000 183.7 60.80
1585.000 183.6 60.79
1586.000 183.7 60.78
1587.000 183.7 60.80
1588.000 183.8 60.80
1589.000 183.8 60.81
1590.000 183.8 60.82
1591.000 183.8 60.81
1592.000 183.9 60.80
1593.000 183.9 60.83
1594.000 183.9 60.83
1595.000 183.9 60.82
1596.000 183.9 60.76
1597.000 183.9 60.78
1598.000 183.9 60.77
1599.000 183.8 60.74
1600.000 183.8 60.78
1601.000 183.7 60.77
1602.000 183.8 60.79
1603.000 183.7 60.78
1604.000 183.7 60.82
1605.000 183.6 60.75
1606.000 183.6 60.81
1607.000 183.4 60.83
1608.000 183.2 60.77
1609.000 183.0 60.85
1610.000 182.7 60.85
1611.000 182.6 60.83
1612.000 182.4 60.78
1613.000 182.3 60.81
1614.000 182.3 60.79
1615.000 181.7 60.84
1616.000 181.4 60.77
1617.000 181.5 60.85
1618.000 181.3 60.79
1619.000 180.9 60.84
1620.000 180.4 60.86
1621.000 180.1 60.79
1622.000 179.6 60.83
1623.000 179.4 60.65
1624.000 179.3 60.73
1625.000 178.9 60.81
1626.000 178.5 60.85
1627.000 178.3 60.85
1628.000 177.9 60.82
1629.000 177.5 60.77
1630.000 177.4 60.82
1631.000 177.0 60.73
1632.000 176.4 60.84
1633.000 176.0 60.89
1634.000 175.5 60.82
1635.000 175.3 60.72
1636.000 174.8 60.80
1637.000 174.3 60.81
1638.000 174.0 60.70
1639.000 173.6 60.76
1640.000 173.3 60.67
1641.000 173.0 60.80
1642.000 172.3 60.70
1643.000 171.9 60.75
1644.000 171.3 60.71
1645.000 170.8 60.67
1646.000 170.2 60.67
1647.000 169.9 60.64
1648.000 169.3 60.51
1649.000 168.8 60.52
1650.000 168.2 60.47
1651.000 167.6 60.42
1652.000 167.1 60.59
1653.000 166.4 60.50
1654.000 166.0 60.66
1655.000 165.3 60.44
1656.000 164.9 60.57
1657.000 164.3 60.64
1658.000 163.8 60.61
1659.000 163.2 60.40
1660.000 162.7 60.62
1661.000 162.0 60.53
1662.000 161.3 60.42
1663.000 161.1 60.70
1664.000 160.1 60.49
1665.000 159.7 60.59
1666.000 159.2 60.47
1667.000 158.6 60.51
1668.000 157.9 60.50
1669.000 157.3 60.48
1670.000 156.9 60.63
1671.000 156.2 60.56
1672.000 155.7 60.62
1673.000 155.1 60.77
1674.000 154.3 60.55
1675.000 153.7 60.64
1676.000 153.3 60.59
1677.000 152.8 60.62
1678.000 151.8 60.57
1679.000 151.2 60.44
1680.000 150.6 60.48
1681.000 150.0 60.66
1682.000 149.4 60.53
1683.000 148.8 60.59
1684.000 148.1 60.50
1685.000 147.4 60.59
1686.000 146.7 60.52
1687.000 146.1 60.69
1688.000 145.5 60.48
1689.000 144.7 60.44
1690.000 144.1 60.56
1691.000 143.3 60.49
1692.000 142.9 60.63
1693.000 142.0 60.55
1694.000 141.4 60.39
1695.000 140.9 60.41
1696.000 140.2 60.55
1697.000 139.8 60.58
1698.000 139.1 60.48
1699.000 138.5 60.55
1700.000 137.8 60.55
1701.000 137.1 60.36
1702.000 136.5 60.42
1703.000 135.8 60.41
1704.000 135.2 60.33
1705.000 134.7 60.52
1706.000 133.9 60.41
1707.000 133.4 60.37
1708.000 132.8 60.42
1709.000 132.1 60.07
1710.000 131.6 60.09
1711.000 130.9 59.98
1712.000 130.1 59.97
1713.000 129.5 59.97
1714.000 129.2 59.97
1715.000 128.6 59.74
1716.000 128.2 59.93
1717.000 127.4 59.93
1718.000 127.0 60.05
1719.000 126.2 59.83
1720.000 125.8 59.99
1721.000 125.3 60.00
1722.000 124.8 60.02
1723.000 124.1 60.02
1724.000 123.4 59.91
1725.000 123.0 60.08
1726.000 122.3 59.77
1727.000 121.9 59.92
1728.000 121.3 59.97
1729.000 120.9 59.94
1730.000 120.1 59.83
1731.000 119.8 59.90
1732.000 119.4 59.84
1733.000 119.1 59.85
1734.000 118.7 59.92
1735.000 118.1 60.05
1736.000 117.4 59.92
1737.000 117.2 59.81
1738.000 116.8 60.01
1739.000 116.3 59.85
1740.000 116.0 60.03
1741.000 115.4 59.94
1742.000 115.1 59.82
1743.000 115.0 60.01
1744.000 114.3 59.91
1745.000 114.0 59.93
1746.000 113.5 59.87
1747.000 113.3 59.93
1748.000 113.0 60.06
1749.000 112.4 59.97
1750.000 112.2 59.66
1751.000 111.9 59.75
1752.000 111.4 59.79
1753.000 111.2 59.84
1754.000 111.0 59.90
1755.000 110.5 59.76
1756.000 110.3 59.83
1757.000 110.0 59.78
1758.000 109.6 59.83
1759.000 109.5 59.76
1760.000 109.3 59.74
1761.000 109.2 59.69
1762.000 109.0 59.88
1763.000 108.5 59.78
1764.000 108.3 59.76
1765.000 108.2 59.71
1766.000 108.0 59.84
1767.000 107.8 59.85
1768.000 107.5 59.88
1769.000 107.5 59.91
1770.000 107.4 59.83
1771.000 107.4 59.84
1772.000 107.4 59.84
1773.000 107.2 59.76
1774.000 107.2 59.76
1775.000 107.2 59.76
1776.000 107.0 59.86
1777.000 106.6 59.79
1778.000 106.5 59.80
1779.000 106.5 59.79
1780.000 106.5 59.77
1781.000 106.5 59.73
1782.000 106.4 59.74
1783.000 106.4 59.76
1784.000 106.5 59.75
1785.000 106.4 59.76
1786.000 106.4 59.72
1787.000 106.4 59.74
1788.000 106.4 59.78
1789.000 106.5 59.80
1790.000 106.6 59.75
1791.000 106.6 59.84
1792.000 106.6 59.80
1793.000 106.8 59.86
1794.000 106.8 59.86
1795.000 107.0 59.85
1796.000 107.0 59.89
1797.000 107.1 59.98
1798.000 107.1 59.83
1799.000 107.5 59.86
1800.000 107.8 59.79
1801.000 107.9 59.83
1802.000 108.1 59.86
1803.000 108.1 59.75
1804.000 108.6 59.80
1805.000 108.7 59.83
1806.000 108.9 59.84
1807.000 109.1 59.71
1808.000 109.4 59.82
1809.000 109.8 59.86
1810.000 109.9 59.80
1811.000 110.2 59.58
1812.000 110.5 59.81
1813.000 110.8 59.83
1814.000 111.0 59.83
1815.000 111.2 59.71
1816.000 111.8 59.72
1817.000 112.2 59.67
1818.000 112.6 59.90
1819.000 112.8 60.22
1820.000 113.2 59.98
1821.000 113.6 59.97
1822.000 113.9 59.98
1823.000 114.2 59.79
1824.000 114.7 59.96
1825.000 114.9 59.91
1826.000 115.1 59.94
1827.000 115.5 59.92
1828.000 116.1 60.03
1829.000 116.5 59.92
1830.000 117.0 59.97
1831.000 117.3 59.79
1832.000 118.0 59.98
1833.000 118.2 59.82
1834.000 118.8 59.95
1835.000 119.3 59.75
1836.000 119.8 59.88
1837.000 120.1 59.74
1838.000 120.7 59.85
1839.000 121.1 59.96
1840.000 121.5 59.95
1841.000 122.0 59.93
1842.000 122.5 59.83
1843.000 123.2 59.90
1844.000 123.8 59.99
1845.000 124.3 60.00
1846.000 125.1 60.03
1847.000 125.3 59.94
1848.000 126.0 60.04
1849.000 126.3 59.88
1850.000 127.0 60.04
1851.000 127.5 59.86
1852.000 128.0 59.97
1853.000 128.6 59.80
1854.000 129.3 59.85
1855.000 129.7 59.97
1856.000 130.1 59.92
1857.000 130.7 59.95
1858.000 131.5 59.92
1859.000 132.1 59.96
1860.000 132.7 60.10
1861.000 133.3 59.94
1862.000 133.9 60.00
1863.000 134.5 60.14
1864.000 135.1 60.02
1865.000 135.6 60.11
1866.000 136.3 60.03
1867.000 136.9 60.25
1868.000 137.5 60.41
1869.000 138.2 60.41
1870.000 138.9 60.54
1871.000 139.5 60.50
1872.000 140.0 60.61
1873.000 140.4 60.41
1874.000 141.1 60.28
1875.000 141.7 60.42
1876.000 142.4 60.49
1877.000 143.1 60.50
