 Masse A  
t x y 
0.000 147.7 60.75
1.000 148.8 60.80
2.000 150.1 60.77
3.000 151.4 60.56
4.000 152.7 60.78
5.000 154.0 60.79
6.000 155.4 60.77
7.000 156.8 60.84
8.000 158.1 60.84
9.000 159.2 60.58
10.000 160.7 60.76
11.000 162.1 60.87
12.000 163.4 60.74
13.000 165.0 60.77
14.000 166.1 60.99
15.000 167.5 60.75
16.000 169.2 60.89
17.000 170.5 60.94
18.000 172.0 60.96
19.000 173.3 60.88
20.000 175.4 60.94
21.000 176.5 61.02
22.000 177.8 60.89
23.000 179.2 60.94
24.000 181.1 61.07
25.000 182.4 60.84
26.000 183.8 61.10
27.000 185.4 60.95
28.000 187.0 61.17
29.000 188.5 61.07
30.000 189.9 61.14
31.000 191.5 60.99
32.000 193.3 61.19
33.000 194.9 61.23
34.000 196.6 61.22
35.000 198.1 61.13
36.000 199.7 61.15
37.000 201.0 61.51
38.000 202.5 61.53
39.000 204.0 61.65
40.000 205.4 61.75
41.000 207.0 61.63
42.000 208.4 61.71
43.000 210.0 61.80
44.000 211.4 61.91
45.000 213.1 61.99
46.000 214.1 61.68
47.000 215.5 61.92
48.000 217.2 61.67
49.000 218.4 61.89
50.000 220.0 61.67
51.000 221.3 61.79
52.000 222.5 62.12
53.000 223.9 61.89
54.000 225.3 61.89
55.000 226.8 61.88
56.000 227.7 61.88
57.000 229.0 61.82
58.000 230.1 61.80
59.000 231.2 61.88
60.000 232.9 61.98
61.000 234.1 61.96
62.000 235.3 61.97
63.000 236.7 61.96
64.000 237.9 61.91
65.000 239.6 62.13
66.000 240.5 61.88
67.000 242.0 61.97
68.000 243.0 62.10
69.000 244.1 62.09
70.000 245.5 62.11
71.000 246.8 62.04
72.000 248.0 62.23
73.000 249.2 62.18
74.000 250.1 62.10
75.000 251.3 62.12
76.000 252.4 62.04
77.000 253.7 62.08
78.000 254.9 62.18
79.000 255.9 62.14
80.000 257.1 62.24
81.000 257.9 62.17
82.000 259.0 62.19
83.000 259.8 62.05
84.000 260.9 62.07
85.000 261.9 62.28
86.000 262.9 62.37
87.000 263.7 62.45
88.000 264.7 62.55
89.000 265.7 62.51
90.000 266.3 62.52
91.000 267.6 62.64
92.000 268.4 62.61
93.000 269.3 62.65
94.000 270.0 62.62
95.000 270.5 62.69
96.000 271.5 62.60
97.000 272.2 62.54
98.000 272.8 62.60
99.000 273.5 62.69
100.000 274.1 62.56
101.000 274.7 62.71
102.000 275.5 62.69
103.000 276.2 62.63
104.000 276.9 62.66
105.000 277.4 62.68
106.000 277.9 62.70
107.000 278.4 62.71
108.000 279.1 62.69
109.000 279.5 62.60
110.000 279.9 62.70
111.000 280.3 62.69
112.000 280.9 62.72
113.000 281.2 62.70
114.000 281.6 62.66
115.000 281.8 62.79
116.000 282.1 62.74
117.000 282.2 62.70
118.000 282.4 62.75
119.000 283.2 62.74
120.000 283.1 62.74
121.000 283.3 62.79
122.000 283.8 62.73
123.000 283.8 62.77
124.000 283.8 62.74
125.000 284.1 62.77
126.000 284.0 62.73
127.000 284.1 62.73
128.000 284.1 62.74
129.000 284.1 62.74
130.000 284.1 62.77
131.000 284.1 62.74
132.000 284.0 62.68
133.000 284.0 62.69
134.000 284.0 62.63
135.000 283.9 62.71
136.000 283.8 62.70
137.000 283.8 62.72
138.000 283.6 62.76
139.000 283.5 62.74
140.000 283.5 62.75
141.000 283.5 62.70
142.000 283.0 62.70
143.000 282.5 62.73
144.000 281.9 62.65
145.000 281.7 62.67
146.000 281.3 62.66
147.000 281.0 62.72
148.000 280.5 62.77
149.000 280.1 62.64
150.000 279.7 62.73
151.000 279.4 62.74
152.000 279.0 62.69
153.000 278.3 62.83
154.000 277.8 62.62
155.000 277.4 62.72
156.000 276.7 62.75
157.000 276.0 62.62
158.000 275.3 62.67
159.000 274.9 62.51
160.000 274.0 62.60
161.000 273.5 62.64
162.000 272.9 62.59
163.000 272.0 62.56
164.000 271.4 62.67
165.000 270.6 62.63
166.000 269.9 62.56
167.000 269.3 62.46
168.000 268.3 62.62
169.000 267.7 62.61
170.000 266.7 62.47
171.000 265.8 62.49
172.000 264.9 62.48
173.000 263.8 62.47
174.000 263.2 62.52
175.000 262.1 62.48
176.000 261.2 62.54
177.000 260.2 62.39
178.000 259.5 62.48
179.000 258.4 62.44
180.000 257.4 62.42
181.000 256.4 62.52
182.000 255.4 62.47
183.000 254.3 62.53
184.000 253.3 62.39
185.000 252.2 62.44
186.000 251.3 62.44
187.000 250.2 62.41
188.000 248.9 62.48
189.000 247.7 62.48
190.000 246.5 62.44
191.000 245.5 62.53
192.000 244.0 62.23
193.000 243.0 62.10
194.000 241.6 62.05
195.000 240.6 61.96
196.000 239.5 62.13
197.000 238.2 61.97
198.000 236.9 61.94
199.000 235.5 61.95
200.000 234.4 61.94
201.000 233.4 61.90
202.000 232.0 61.93
203.000 230.7 61.84
204.000 229.5 61.96
205.000 228.4 61.96
206.000 227.2 61.91
207.000 226.2 62.00
208.000 225.0 61.86
209.000 223.7 61.86
210.000 222.2 61.87
211.000 221.2 61.89
212.000 219.8 61.78
213.000 218.6 61.73
214.000 217.3 61.86
215.000 216.0 61.86
216.000 214.4 61.76
217.000 213.4 61.78
218.000 212.1 61.60
219.000 210.8 61.74
220.000 209.5 61.63
221.000 208.1 61.71
222.000 206.7 61.59
223.000 205.4 61.63
224.000 204.1 61.64
225.000 202.6 61.54
226.000 201.3 61.54
227.000 200.0 61.70
228.000 198.9 61.82
229.000 197.5 61.78
230.000 196.1 61.54
231.000 194.6 61.57
232.000 193.1 61.50
233.000 191.7 61.42
234.000 190.1 61.54
235.000 188.7 61.35
236.000 187.3 61.34
237.000 186.0 61.46
238.000 184.6 61.26
239.000 183.4 61.47
240.000 181.9 61.19
241.000 180.5 61.13
242.000 179.6 60.98
243.000 178.3 60.95
244.000 177.3 60.94
245.000 176.0 60.87
246.000 174.7 60.96
247.000 173.4 60.89
248.000 172.2 60.94
249.000 171.1 60.84
250.000 169.8 60.79
251.000 168.6 60.84
252.000 167.3 60.74
253.000 166.2 60.82
254.000 165.2 60.80
255.000 163.9 60.76
256.000 162.7 60.68
257.000 161.8 60.80
258.000 160.6 60.81
259.000 159.6 60.73
260.000 158.7 60.80
261.000 157.7 60.71
262.000 156.6 60.80
263.000 155.6 60.74
264.000 154.5 60.73
265.000 153.7 60.65
266.000 152.6 60.67
267.000 151.6 60.77
268.000 150.6 60.77
269.000 149.8 60.72
270.000 148.8 60.77
271.000 147.8 60.77
272.000 146.9 60.69
273.000 146.0 60.62
274.000 145.2 60.70
275.000 144.5 60.68
276.000 143.6 60.70
277.000 142.7 60.75
278.000 141.9 60.66
279.000 141.2 60.69
280.000 140.2 60.65
281.000 139.5 60.67
282.000 138.9 60.70
283.000 138.1 60.65
284.000 137.5 60.70
285.000 136.7 60.72
286.000 136.3 60.66
287.000 135.6 60.60
288.000 134.9 60.54
289.000 134.1 60.61
290.000 133.5 60.63
291.000 133.2 60.56
292.000 132.5 60.63
293.000 132.1 60.58
294.000 131.5 60.61
295.000 131.1 60.58
296.000 130.5 60.47
297.000 130.1 60.53
298.000 129.6 60.48
299.000 129.3 60.55
300.000 129.1 60.50
301.000 128.5 60.49
302.000 128.3 60.55
303.000 128.1 60.56
304.000 127.6 60.44
305.000 127.5 60.45
306.000 127.2 60.48
307.000 126.9 60.49
308.000 126.7 60.51
309.000 126.5 60.46
310.000 126.5 60.60
311.000 126.4 60.56
312.000 126.1 60.61
313.000 125.9 60.65
314.000 125.8 60.60
315.000 125.8 60.62
316.000 125.7 60.63
317.000 125.7 60.64
318.000 125.7 60.64
319.000 125.8 60.64
320.000 125.8 60.65
321.000 125.8 60.57
322.000 125.9 60.63
323.000 125.9 60.58
324.000 126.1 60.54
325.000 126.3 60.55
326.000 126.6 60.54
327.000 127.0 60.60
328.000 127.3 60.52
329.000 127.6 60.55
330.000 127.7 60.56
331.000 127.8 60.47
332.000 128.2 60.63
333.000 128.3 60.53
334.000 128.9 60.54
335.000 129.3 60.52
336.000 129.7 60.66
337.000 130.1 60.72
338.000 130.3 60.68
339.000 130.8 60.68
340.000 131.4 60.65
341.000 131.9 60.55
342.000 132.3 60.57
343.000 132.9 60.69
344.000 133.4 60.72
345.000 134.0 60.67
346.000 134.5 60.58
347.000 135.2 60.63
348.000 135.8 60.55
349.000 136.4 60.58
350.000 137.2 60.70
351.000 137.7 60.67
352.000 138.4 60.57
353.000 139.4 60.56
354.000 140.0 60.65
355.000 140.7 60.77
356.000 141.4 60.61
357.000 142.2 60.75
358.000 142.8 60.56
359.000 143.7 60.47
360.000 144.6 60.78
361.000 145.7 60.64
362.000 146.3 60.66
363.000 147.3 60.74
364.000 148.2 60.72
365.000 149.0 60.75
366.000 149.9 60.73
367.000 150.8 60.69
368.000 151.7 60.74
369.000 152.7 60.66
370.000 153.7 60.65
371.000 154.7 60.77
372.000 155.8 60.78
373.000 156.8 60.85
374.000 157.8 60.76
375.000 158.7 60.80
376.000 159.7 60.80
377.000 160.8 60.86
378.000 161.9 60.77
379.000 162.8 60.74
380.000 164.1 60.83
381.000 165.0 60.90
382.000 166.1 60.83
383.000 167.3 60.96
384.000 168.6 60.75
385.000 169.9 61.08
386.000 171.2 60.89
387.000 172.4 60.97
388.000 173.6 60.97
389.000 174.8 60.91
390.000 175.8 60.95
391.000 177.0 61.01
392.000 178.0 60.91
393.000 179.2 61.02
394.000 180.3 60.92
395.000 181.9 60.98
396.000 183.3 61.05
397.000 184.7 60.86
398.000 185.8 61.05
399.000 187.2 61.05
400.000 188.9 60.91
401.000 189.8 61.06
402.000 191.2 61.32
403.000 192.4 61.44
404.000 194.0 61.70
405.000 195.4 61.61
406.000 196.8 61.70
407.000 198.3 61.81
408.000 199.8 61.83
409.000 200.7 61.60
410.000 202.0 61.45
411.000 203.3 61.91
412.000 204.7 61.68
413.000 206.0 61.53
414.000 207.3 61.72
415.000 208.6 61.67
416.000 210.0 61.70
417.000 211.4 61.87
418.000 212.5 61.86
419.000 213.9 61.74
420.000 215.2 61.71
421.000 216.2 61.77
422.000 217.3 61.79
423.000 218.6 61.79
424.000 219.9 61.77
425.000 221.2 61.75
426.000 222.5 61.81
427.000 223.7 62.00
428.000 224.8 61.83
429.000 225.9 61.89
430.000 227.2 61.83
431.000 228.3 61.90
432.000 229.6 61.92
433.000 230.7 62.06
434.000 231.7 61.96
435.000 232.7 61.93
436.000 234.1 62.00
437.000 235.3 61.92
438.000 236.6 61.98
439.000 237.6 62.05
440.000 238.9 62.02
441.000 240.1 61.97
442.000 241.4 62.00
443.000 242.3 62.03
444.000 243.7 62.05
445.000 244.7 61.93
446.000 245.7 62.10
447.000 246.8 62.06
448.000 247.9 62.04
449.000 249.0 62.10
450.000 249.9 62.12
451.000 251.2 62.05
452.000 252.0 62.12
453.000 253.2 62.23
454.000 254.0 61.99
455.000 255.2 62.01
456.000 256.1 62.22
457.000 257.3 62.17
458.000 258.2 62.07
459.000 259.3 62.29
460.000 260.2 62.48
461.000 260.9 62.58
462.000 261.8 62.62
463.000 262.6 62.67
464.000 263.6 62.57
465.000 264.5 62.63
466.000 265.3 62.55
467.000 266.1 62.57
468.000 267.0 62.61
469.000 267.7 62.61
470.000 268.5 62.56
471.000 269.4 62.50
472.000 270.0 62.69
473.000 270.5 62.61
474.000 271.3 62.59
475.000 272.1 62.64
476.000 272.8 62.66
477.000 273.1 62.47
478.000 273.7 62.58
479.000 274.3 62.59
480.000 275.1 62.61
481.000 275.5 62.69
482.000 276.0 62.63
483.000 276.5 62.47
484.000 277.2 62.66
485.000 277.6 62.73
486.000 278.0 62.74
487.000 278.4 62.75
488.000 278.9 62.70
489.000 279.4 62.51
490.000 279.8 62.62
491.000 279.9 62.64
492.000 280.2 62.68
493.000 280.6 62.74
494.000 280.9 62.78
495.000 281.3 62.73
496.000 281.6 62.68
497.000 281.7 62.76
498.000 282.0 62.73
499.000 282.0 62.74
500.000 282.1 62.72
501.000 282.1 62.67
502.000 282.3 62.76
503.000 282.8 62.77
504.000 283.1 62.67
505.000 283.0 62.71
506.000 283.1 62.69
507.000 283.1 62.74
508.000 283.1 62.70
509.000 283.1 62.72
510.000 283.1 62.73
511.000 283.0 62.75
512.000 282.9 62.74
513.000 282.9 62.70
514.000 282.8 62.74
515.000 282.7 62.75
516.000 282.4 62.67
517.000 282.2 62.68
518.000 281.9 62.71
519.000 281.7 62.74
520.000 281.6 62.68
521.000 281.3 62.64
522.000 281.3 62.75
523.000 280.9 62.74
524.000 280.6 62.74
525.000 280.1 62.68
526.000 279.7 62.62
527.000 279.5 62.69
528.000 279.1 62.76
529.000 278.3 62.69
530.000 278.0 62.71
531.000 277.6 62.67
532.000 277.4 62.62
533.000 276.9 62.55
534.000 276.2 62.76
535.000 275.5 62.76
536.000 275.0 62.54
537.000 274.5 62.61
538.000 273.9 62.61
539.000 273.4 62.51
540.000 272.7 62.64
541.000 272.1 62.71
542.000 271.3 62.52
543.000 270.7 62.53
544.000 270.0 62.57
545.000 269.5 62.55
546.000 268.7 62.71
547.000 267.8 62.64
548.000 267.2 62.60
549.000 266.1 62.54
550.000 265.4 62.54
551.000 264.8 62.65
552.000 263.7 62.57
553.000 262.9 62.60
554.000 262.1 62.51
555.000 261.3 62.63
556.000 260.5 62.45
557.000 259.6 62.47
558.000 258.6 62.42
559.000 257.8 62.44
560.000 256.6 62.48
561.000 255.7 62.38
562.000 254.8 62.40
563.000 253.7 62.41
564.000 252.7 62.38
565.000 251.7 62.46
566.000 250.5 62.32
567.000 249.6 62.41
568.000 248.6 62.50
569.000 247.6 62.39
570.000 246.2 62.43
571.000 245.6 62.39
572.000 244.3 62.30
573.000 243.4 62.44
574.000 242.1 62.29
575.000 241.0 62.36
576.000 239.8 62.32
577.000 238.6 62.39
578.000 237.4 62.24
579.000 236.5 62.00
580.000 235.3 61.98
581.000 234.1 62.00
582.000 232.7 61.97
583.000 231.7 61.81
584.000 230.7 61.95
585.000 229.5 61.90
586.000 228.6 61.91
587.000 227.5 61.69
588.000 226.2 61.82
589.000 225.3 61.82
590.000 224.1 61.89
591.000 222.9 61.87
592.000 221.5 61.84
593.000 220.4 61.76
594.000 219.4 61.72
595.000 218.1 61.72
596.000 216.9 61.80
597.000 215.7 61.73
598.000 214.4 61.83
599.000 213.3 61.95
600.000 212.0 61.64
601.000 211.0 62.04
602.000 209.6 61.67
603.000 208.4 61.81
604.000 207.3 61.67
605.000 206.0 61.55
606.000 204.7 61.81
607.000 203.5 61.53
608.000 202.2 61.49
609.000 200.7 61.73
610.000 199.7 61.85
611.000 198.7 61.80
612.000 197.3 61.79
613.000 195.9 61.54
614.000 194.6 61.57
615.000 193.3 61.40
616.000 191.9 61.48
617.000 190.7 61.33
618.000 189.4 61.22
619.000 188.0 61.30
620.000 186.9 61.28
621.000 185.6 61.38
622.000 184.4 61.33
623.000 183.4 61.28
624.000 182.0 61.09
625.000 180.8 61.02
626.000 179.7 60.93
627.000 178.6 60.90
628.000 177.6 60.91
629.000 176.5 60.96
630.000 175.5 60.92
631.000 174.3 60.98
632.000 173.2 60.93
633.000 172.0 60.97
634.000 171.1 60.92
635.000 169.9 60.93
636.000 168.7 60.83
637.000 167.7 60.83
638.000 166.7 60.88
639.000 165.7 60.87
640.000 164.7 60.90
641.000 163.8 60.74
642.000 162.7 60.82
643.000 161.8 60.80
644.000 161.0 60.97
645.000 159.9 60.76
646.000 159.1 60.79
647.000 158.1 60.78
648.000 157.4 60.67
649.000 156.7 60.80
650.000 155.8 60.79
651.000 155.0 60.79
652.000 154.0 60.78
653.000 153.1 60.55
654.000 152.4 60.69
655.000 151.7 60.78
656.000 151.1 60.72
657.000 150.1 60.75
658.000 149.5 60.69
659.000 148.8 60.78
660.000 148.0 60.77
661.000 147.4 60.49
662.000 146.8 60.73
663.000 146.0 60.73
664.000 145.2 60.66
665.000 144.9 60.65
666.000 144.1 60.60
667.000 143.5 60.63
668.000 143.0 60.62
669.000 142.3 60.72
670.000 141.8 60.70
671.000 141.4 60.82
672.000 140.9 60.65
673.000 140.2 60.68
674.000 139.8 60.69
675.000 139.3 60.64
676.000 139.0 60.69
677.000 138.5 60.76
678.000 138.2 60.76
679.000 138.0 60.77
680.000 137.5 60.56
681.000 137.3 60.65
682.000 137.1 60.66
683.000 136.4 60.66
684.000 136.2 60.63
685.000 136.1 60.59
686.000 135.6 60.59
687.000 135.6 60.58
688.000 135.3 60.51
689.000 135.3 60.56
690.000 135.2 60.63
691.000 134.8 60.63
692.000 134.6 60.65
693.000 134.5 60.66
694.000 134.4 60.68
695.000 134.3 60.64
696.000 134.2 60.64
697.000 134.3 60.69
698.000 134.3 60.64
699.000 134.3 60.68
700.000 134.3 60.67
701.000 134.3 60.67
702.000 134.4 60.69
703.000 134.5 60.66
704.000 134.6 60.64
705.000 134.7 60.67
706.000 134.9 60.64
707.000 135.2 60.59
708.000 135.2 60.56
709.000 135.6 60.59
710.000 135.7 60.52
711.000 135.9 60.54
712.000 136.2 60.60
713.000 136.3 60.67
714.000 137.0 60.67
715.000 137.1 60.66
716.000 137.5 60.63
717.000 137.9 60.64
718.000 138.2 60.74
719.000 138.7 60.73
720.000 139.1 60.59
721.000 139.5 60.71
722.000 140.0 60.71
723.000 140.3 60.73
724.000 141.0 60.67
725.000 141.3 60.84
726.000 141.9 60.75
727.000 142.3 60.65
728.000 143.0 60.71
729.000 143.5 60.66
730.000 144.2 60.64
731.000 144.6 60.70
732.000 145.4 60.71
733.000 146.1 60.72
734.000 146.6 60.66
735.000 147.5 60.73
736.000 148.2 60.81
737.000 148.6 60.77
738.000 149.6 60.66
739.000 150.2 60.67
740.000 151.1 60.78
741.000 151.7 60.74
742.000 152.4 60.78
743.000 153.4 60.63
744.000 154.2 60.65
745.000 155.1 60.75
746.000 155.7 60.86
747.000 156.7 60.81
748.000 157.5 60.81
749.000 158.1 60.81
750.000 159.0 60.81
751.000 159.8 60.74
752.000 160.6 60.94
753.000 161.6 60.91
754.000 162.5 60.87
755.000 163.6 60.87
756.000 164.4 60.80
757.000 165.6 60.89
758.000 166.4 60.96
759.000 167.6 60.88
760.000 168.6 60.83
761.000 169.6 60.89
762.000 170.8 61.06
763.000 171.5 60.98
764.000 172.6 61.02
765.000 173.7 60.80
766.000 174.8 60.83
767.000 175.8 60.97
768.000 177.1 60.97
769.000 177.9 60.85
770.000 178.8 60.91
771.000 180.1 60.95
772.000 180.9 61.02
773.000 182.2 60.85
774.000 183.6 60.84
775.000 184.8 61.17
776.000 185.8 60.89
777.000 187.1 60.92
778.000 188.3 61.04
779.000 189.6 60.94
780.000 190.9 61.15
781.000 191.9 61.11
782.000 193.3 61.09
783.000 194.7 61.37
784.000 195.9 61.58
785.000 197.3 61.85
786.000 198.5 61.85
787.000 199.6 61.63
788.000 200.5 61.53
789.000 201.9 61.56
790.000 202.9 61.82
791.000 204.1 61.57
792.000 205.4 61.70
793.000 206.5 61.68
794.000 207.8 61.90
795.000 209.0 61.65
796.000 210.1 61.65
797.000 211.2 61.88
798.000 212.4 61.87
799.000 213.6 61.87
800.000 214.6 61.81
801.000 215.8 61.80
802.000 217.0 61.81
803.000 217.8 61.80
804.000 219.2 61.74
805.000 220.1 61.71
806.000 221.1 61.93
807.000 222.3 62.00
808.000 223.6 61.98
809.000 224.6 61.84
810.000 225.7 61.89
811.000 226.6 61.87
812.000 227.9 61.98
813.000 228.8 61.95
814.000 229.7 61.95
815.000 230.7 62.07
816.000 231.8 61.93
817.000 232.8 62.03
818.000 233.8 62.02
819.000 234.9 61.94
820.000 236.0 61.98
821.000 237.1 61.98
822.000 237.9 62.12
823.000 239.2 61.96
824.000 240.1 62.03
825.000 241.3 61.97
826.000 242.3 62.09
827.000 243.4 62.03
828.000 244.4 61.98
829.000 245.3 62.04
830.000 246.2 62.14
831.000 247.1 62.03
832.000 247.9 62.08
833.000 248.8 62.05
834.000 249.8 62.09
835.000 250.6 62.07
836.000 251.7 62.10
837.000 252.6 62.15
838.000 253.4 62.22
839.000 254.2 62.01
840.000 255.2 62.11
841.000 255.9 62.12
842.000 256.7 62.17
843.000 257.6 62.14
844.000 258.2 62.15
845.000 259.1 62.16
846.000 259.8 62.28
847.000 260.6 62.46
848.000 261.4 62.65
849.000 262.0 62.71
850.000 262.4 62.55
851.000 263.2 62.61
852.000 263.7 62.64
853.000 264.7 62.66
854.000 265.3 62.60
855.000 265.9 62.56
856.000 266.4 62.59
857.000 267.1 62.61
858.000 267.5 62.57
859.000 268.0 62.62
860.000 268.5 62.58
861.000 269.1 62.68
862.000 269.6 62.56
863.000 270.0 62.70
864.000 270.2 62.44
865.000 270.6 62.61
866.000 271.2 62.57
867.000 271.7 62.54
868.000 272.1 62.60
869.000 272.4 62.63
870.000 273.0 62.66
871.000 273.0 62.64
872.000 273.3 62.61
873.000 273.8 62.55
874.000 273.9 62.64
875.000 274.2 62.63
876.000 274.4 62.61
877.000 274.6 62.64
878.000 274.8 62.58
879.000 274.9 62.60
880.000 274.9 62.62
881.000 275.0 62.64
882.000 275.1 62.66
883.000 275.2 62.61
884.000 275.2 62.64
885.000 275.5 62.66
886.000 275.6 62.64
887.000 275.6 62.67
888.000 275.7 62.53
889.000 275.7 62.63
890.000 275.7 62.58
891.000 275.6 62.61
892.000 275.6 62.63
893.000 275.4 62.63
894.000 275.4 62.60
895.000 275.3 62.58
896.000 275.2 62.59
897.000 274.8 62.61
898.000 274.7 62.58
899.000 274.6 62.61
900.000 274.4 62.62
901.000 274.3 62.64
902.000 273.9 62.59
903.000 273.5 62.54
904.000 273.2 62.66
905.000 273.1 62.66
906.000 272.6 62.69
907.000 272.3 62.67
908.000 272.0 62.47
909.000 271.5 62.60
910.000 271.1 62.57
911.000 270.4 62.66
912.000 270.0 62.51
913.000 269.6 62.45
914.000 269.4 62.49
915.000 268.9 62.59
916.000 268.3 62.64
917.000 267.7 62.59
918.000 267.3 62.59
919.000 266.8 62.54
920.000 266.1 62.55
921.000 265.4 62.51
922.000 265.2 62.66
923.000 264.1 62.67
924.000 263.4 62.48
925.000 262.7 62.57
926.000 262.1 62.56
927.000 261.5 62.71
928.000 261.0 62.53
929.000 260.1 62.37
930.000 259.4 62.52
931.000 258.6 62.51
932.000 258.1 62.45
933.000 257.2 62.44
934.000 256.5 62.47
935.000 255.7 62.51
936.000 254.8 62.26
937.000 253.9 62.46
938.000 253.1 62.42
939.000 252.0 62.47
940.000 251.4 62.51
941.000 250.4 62.30
942.000 249.7 62.44
943.000 248.8 62.40
944.000 247.8 62.38
945.000 246.9 62.39
946.000 245.9 62.40
947.000 245.0 62.30
948.000 243.9 62.27
949.000 243.1 62.36
950.000 242.1 62.36
951.000 241.0 62.39
952.000 240.1 62.34
953.000 239.0 62.30
954.000 237.9 62.35
955.000 237.1 62.23
956.000 236.1 62.06
957.000 235.0 61.86
958.000 233.8 62.11
959.000 232.9 62.02
960.000 231.8 61.90
961.000 230.9 61.93
962.000 229.8 61.73
963.000 229.0 61.84
964.000 228.1 61.89
965.000 226.9 61.72
966.000 226.0 61.78
967.000 225.1 61.90
968.000 223.9 61.85
969.000 222.9 61.80
970.000 221.8 62.00
971.000 220.8 61.82
972.000 219.6 61.74
973.000 218.5 61.83
974.000 217.6 61.80
975.000 216.6 61.71
976.000 215.6 61.69
977.000 214.4 61.92
978.000 213.5 61.72
979.000 212.2 61.71
980.000 211.4 61.75
981.000 210.2 61.75
982.000 209.0 61.63
983.000 207.8 61.67
984.000 206.5 61.62
985.000 205.5 61.71
986.000 204.5 61.66
987.000 203.5 61.61
988.000 202.2 61.45
989.000 201.2 61.43
990.000 200.0 62.09
991.000 199.2 62.03
992.000 197.9 61.72
993.000 196.6 61.77
994.000 195.5 61.68
995.000 194.2 61.58
996.000 192.8 61.22
997.000 191.5 61.24
998.000 190.5 61.14
999.000 189.6 60.89
1000.000 188.5 61.02
1001.000 187.5 60.91
1002.000 186.3 60.94
1003.000 185.3 60.94
1004.000 184.1 60.85
1005.000 182.9 60.91
1006.000 181.8 60.92
1007.000 180.9 61.05
1008.000 179.6 61.00
1009.000 178.6 60.84
1010.000 177.7 60.88
1011.000 176.8 60.95
1012.000 175.8 60.96
1013.000 174.8 61.03
1014.000 173.8 60.90
1015.000 172.9 61.06
1016.000 171.8 61.08
1017.000 171.0 60.96
1018.000 170.1 60.96
1019.000 169.2 60.99
1020.000 168.0 60.87
1021.000 167.1 60.95
1022.000 166.1 61.00
1023.000 165.4 60.80
1024.000 164.6 60.79
1025.000 163.8 60.83
1026.000 163.2 60.86
1027.000 162.1 60.97
1028.000 161.4 60.91
1029.000 160.6 60.90
1030.000 159.9 60.84
1031.000 159.3 60.67
1032.000 158.4 60.81
1033.000 157.8 60.76
1034.000 157.3 60.72
1035.000 156.6 60.74
1036.000 155.8 60.77
1037.000 155.2 60.62
1038.000 154.3 60.61
1039.000 153.8 60.75
1040.000 153.3 60.73
1041.000 152.5 60.82
1042.000 151.9 60.79
1043.000 151.4 60.66
1044.000 150.7 60.76
1045.000 150.2 60.63
1046.000 149.6 60.63
1047.000 149.1 60.67
1048.000 148.6 60.85
1049.000 148.2 60.81
1050.000 147.6 60.58
1051.000 147.3 60.59
1052.000 146.8 60.67
1053.000 146.3 60.72
1054.000 145.9 60.70
1055.000 145.5 60.63
1056.000 145.2 60.68
1057.000 144.8 60.64
1058.000 144.5 60.56
1059.000 144.1 60.67
1060.000 143.7 60.56
1061.000 143.4 60.63
1062.000 143.2 60.57
1063.000 142.7 60.69
1064.000 142.6 60.68
1065.000 142.3 60.67
1066.000 142.2 60.76
1067.000 141.7 60.72
1068.000 141.6 60.65
1069.000 141.6 60.71
1070.000 141.5 60.65
1071.000 141.5 60.75
1072.000 141.4 60.76
1073.000 141.4 60.78
1074.000 141.4 60.78
1075.000 141.4 60.72
1076.000 141.4 60.73
1077.000 141.4 60.69
1078.000 141.4 60.73
1079.000 141.4 60.78
1080.000 141.3 60.64
1081.000 141.4 60.69
1082.000 141.4 60.74
1083.000 141.4 60.70
1084.000 141.5 60.73
1085.000 141.5 60.71
1086.000 141.6 60.67
1087.000 141.7 60.66
1088.000 141.8 60.67
1089.000 142.0 60.69
1090.000 142.1 60.69
1091.000 142.3 60.65
1092.000 142.8 60.67
1093.000 143.2 60.67
1094.000 143.4 60.59
1095.000 143.9 60.62
1096.000 144.2 60.64
1097.000 144.3 60.71
1098.000 144.6 60.75
1099.000 145.1 60.70
1100.000 145.6 60.65
1101.000 146.0 60.69
1102.000 146.2 60.63
1103.000 146.9 60.62
1104.000 147.3 60.60
1105.000 147.8 60.77
1106.000 148.2 60.76
1107.000 148.5 60.75
1108.000 149.2 60.63
1109.000 149.8 60.69
1110.000 150.3 60.59
1111.000 150.8 60.71
1112.000 151.3 60.71
1113.000 152.0 60.74
1114.000 152.5 60.78
1115.000 153.3 60.75
1116.000 153.9 60.70
1117.000 154.4 60.63
1118.000 155.2 60.64
1119.000 155.8 60.84
1120.000 156.6 60.76
1121.000 157.1 60.75
1122.000 157.6 60.85
1123.000 158.3 60.83
1124.000 159.4 60.74
1125.000 159.9 60.84
1126.000 160.5 60.76
1127.000 161.4 60.95
1128.000 162.1 60.90
1129.000 162.9 60.89
1130.000 163.5 60.77
1131.000 164.4 60.84
1132.000 165.3 60.82
1133.000 166.2 60.88
1134.000 167.3 60.80
1135.000 168.1 60.96
1136.000 168.8 60.95
1137.000 169.7 60.91
1138.000 170.7 61.01
1139.000 171.5 61.11
1140.000 172.5 60.99
1141.000 173.3 60.78
1142.000 174.2 60.85
1143.000 175.4 61.03
1144.000 176.3 60.99
1145.000 177.3 61.03
1146.000 178.1 60.81
1147.000 178.9 60.98
1148.000 179.8 61.02
1149.000 180.9 61.01
1150.000 181.9 60.87
1151.000 182.8 60.92
1152.000 184.0 60.89
1153.000 185.1 61.07
1154.000 186.1 60.92
1155.000 187.4 60.91
1156.000 188.4 61.07
1157.000 189.5 60.96
1158.000 190.5 61.16
1159.000 191.6 61.13
1160.000 192.8 61.01
1161.000 193.9 61.30
1162.000 195.1 61.56
1163.000 196.1 61.69
1164.000 197.5 61.82
1165.000 198.6 61.69
1166.000 199.6 61.84
1167.000 200.4 61.56
1168.000 201.6 61.56
1169.000 202.7 61.63
1170.000 203.8 61.68
1171.000 204.9 61.81
1172.000 205.8 61.55
1173.000 206.9 61.78
1174.000 208.0 61.78
1175.000 209.0 61.62
1176.000 210.3 61.76
1177.000 211.4 61.68
1178.000 212.3 61.75
1179.000 213.5 61.78
1180.000 214.3 62.01
1181.000 215.5 61.58
1182.000 216.5 61.74
1183.000 217.4 61.95
1184.000 218.4 61.85
1185.000 219.5 61.85
1186.000 220.4 61.78
1187.000 221.4 61.85
1188.000 222.6 61.92
1189.000 223.6 61.78
1190.000 224.3 61.82
1191.000 225.4 61.88
1192.000 226.3 61.88
1193.000 227.4 61.84
1194.000 228.3 61.93
1195.000 229.1 61.99
1196.000 229.8 61.96
1197.000 230.7 61.96
1198.000 231.7 61.92
1199.000 232.6 61.93
1200.000 233.6 62.02
1201.000 234.5 61.94
1202.000 235.6 61.99
1203.000 236.4 61.94
1204.000 237.3 62.02
1205.000 238.3 62.01
1206.000 239.3 62.10
1207.000 240.5 61.94
1208.000 241.2 62.06
1209.000 242.0 62.07
1210.000 242.7 62.04
1211.000 243.6 62.08
1212.000 244.4 62.00
1213.000 245.2 61.99
1214.000 246.1 62.18
1215.000 246.7 62.06
1216.000 247.7 62.09
1217.000 248.3 62.08
1218.000 249.3 62.08
1219.000 250.0 62.08
1220.000 250.5 62.09
1221.000 251.5 62.18
1222.000 252.2 62.20
1223.000 253.1 62.16
1224.000 253.6 62.20
1225.000 254.3 62.08
1226.000 255.2 62.04
1227.000 255.6 62.14
1228.000 256.2 62.21
1229.000 257.1 62.11
1230.000 257.6 62.13
1231.000 258.2 62.16
1232.000 258.8 62.14
1233.000 259.4 62.16
1234.000 260.0 62.23
1235.000 260.5 62.23
1236.000 261.3 62.34
1237.000 261.7 62.56
1238.000 262.1 62.54
1239.000 262.4 62.61
1240.000 263.0 62.57
1241.000 263.3 62.60
1242.000 263.9 62.62
1243.000 264.1 62.66
1244.000 264.6 62.63
1245.000 264.9 62.58
1246.000 265.4 62.56
1247.000 265.7 62.58
1248.000 266.0 62.45
1249.000 266.4 62.61
1250.000 266.8 62.57
1251.000 266.9 62.62
1252.000 267.3 62.54
1253.000 267.6 62.55
1254.000 267.7 62.56
1255.000 267.9 62.61
1256.000 267.9 62.65
1257.000 268.1 62.63
1258.000 268.4 62.65
1259.000 268.7 62.65
1260.000 268.7 62.51
1261.000 268.8 62.54
1262.000 268.9 62.52
1263.000 268.8 62.52
1264.000 268.9 62.56
1265.000 268.9 62.59
1266.000 268.9 62.61
1267.000 269.0 62.62
1268.000 269.0 62.58
1269.000 268.9 62.64
1270.000 269.0 62.62
1271.000 268.9 62.66
1272.000 268.9 62.64
1273.000 268.8 62.63
1274.000 268.8 62.61
1275.000 268.7 62.63
1276.000 268.6 62.64
1277.000 268.4 62.68
1278.000 268.4 62.62
1279.000 268.1 62.59
1280.000 267.8 62.59
1281.000 267.7 62.58
1282.000 267.6 62.57
1283.000 267.2 62.60
1284.000 266.8 62.57
1285.000 266.4 62.61
1286.000 266.1 62.51
1287.000 265.7 62.48
1288.000 265.3 62.51
1289.000 265.3 62.54
1290.000 265.0 62.58
1291.000 264.4 62.67
1292.000 264.1 62.67
1293.000 263.5 62.63
1294.000 263.2 62.57
1295.000 262.8 62.60
1296.000 262.1 62.48
1297.000 261.5 62.58
1298.000 261.3 62.63
1299.000 260.9 62.68
1300.000 260.2 62.49
1301.000 259.5 62.53
1302.000 259.0 62.51
1303.000 258.4 62.58
1304.000 258.1 62.50
1305.000 257.2 62.47
1306.000 256.8 62.39
1307.000 256.0 62.42
1308.000 255.3 62.39
1309.000 254.9 62.31
1310.000 254.0 62.49
1311.000 253.3 62.54
1312.000 252.8 62.49
1313.000 252.0 62.49
1314.000 251.3 62.47
1315.000 250.6 62.47
1316.000 249.8 62.43
1317.000 249.2 62.43
1318.000 248.1 62.38
1319.000 247.4 62.44
1320.000 246.5 62.32
1321.000 245.7 62.45
1322.000 245.0 62.27
1323.000 244.2 62.28
1324.000 243.5 62.39
1325.000 242.7 62.37
1326.000 241.9 62.24
1327.000 241.0 62.05
1328.000 240.1 62.16
1329.000 239.0 62.01
1330.000 238.0 62.06
1331.000 237.3 61.93
1332.000 236.4 62.03
1333.000 235.6 61.96
1334.000 234.6 61.96
1335.000 233.6 62.03
1336.000 232.7 61.98
1337.000 231.8 61.93
1338.000 231.0 62.00
1339.000 230.0 62.02
1340.000 229.1 61.95
1341.000 228.4 62.02
1342.000 227.7 61.75
1343.000 226.6 61.97
1344.000 225.6 61.73
1345.000 224.7 61.87
1346.000 223.8 61.83
1347.000 222.9 61.81
1348.000 221.8 61.85
1349.000 220.9 61.78
1350.000 219.8 61.71
1351.000 218.9 61.74
1352.000 217.8 61.69
1353.000 217.0 61.91
1354.000 216.1 61.59
1355.000 215.0 61.76
1356.000 213.9 61.86
1357.000 213.1 61.84
1358.000 212.0 61.73
1359.000 211.2 61.80
1360.000 210.1 61.82
1361.000 209.1 61.66
1362.000 208.1 61.76
1363.000 207.1 61.75
1364.000 205.9 61.65
1365.000 205.1 61.82
1366.000 204.1 61.70
1367.000 203.1 61.71
1368.000 201.7 61.59
1369.000 200.9 61.54
1370.000 199.7 61.75
1371.000 199.3 61.83
1372.000 198.3 61.86
1373.000 197.3 61.88
1374.000 196.2 61.57
1375.000 194.9 61.53
1376.000 193.8 61.44
1377.000 192.6 61.22
1378.000 191.5 61.24
1379.000 190.6 61.15
1380.000 189.7 60.92
1381.000 188.7 61.02
1382.000 187.7 60.98
1383.000 186.6 60.92
1384.000 185.6 61.01
1385.000 184.5 61.09
1386.000 183.6 60.91
1387.000 182.9 60.91
1388.000 181.8 60.91
1389.000 180.8 60.98
1390.000 179.8 60.93
1391.000 178.9 60.91
1392.000 178.0 60.85
1393.000 177.2 60.97
1394.000 176.4 60.97
1395.000 175.6 60.86
1396.000 174.8 60.86
1397.000 173.9 60.93
1398.000 173.1 60.95
1399.000 172.0 61.01
1400.000 171.5 60.98
1401.000 170.7 60.90
1402.000 169.9 60.91
1403.000 168.9 61.01
1404.000 168.0 60.83
1405.000 167.3 60.79
1406.000 166.8 60.91
1407.000 165.9 60.88
1408.000 165.1 60.92
1409.000 164.5 60.84
1410.000 163.7 60.79
1411.000 163.2 60.94
1412.000 162.3 60.86
1413.000 161.8 60.90
1414.000 161.3 60.91
1415.000 160.8 60.77
1416.000 160.0 60.87
1417.000 159.4 60.75
1418.000 158.9 60.85
1419.000 158.1 60.83
1420.000 157.6 60.81
1421.000 157.2 60.79
1422.000 156.6 60.80
1423.000 156.1 60.78
1424.000 155.6 60.78
1425.000 155.3 60.72
1426.000 154.8 60.65
1427.000 154.3 60.62
1428.000 153.9 60.70
1429.000 153.4 60.78
1430.000 153.2 60.90
1431.000 152.5 60.79
1432.000 152.1 60.86
1433.000 151.7 60.71
1434.000 151.4 60.64
1435.000 151.1 60.77
1436.000 150.6 60.73
1437.000 150.5 60.65
1438.000 150.2 60.70
1439.000 149.7 60.64
1440.000 149.5 60.73
1441.000 149.2 60.84
1442.000 149.3 60.80
1443.000 148.9 60.76
1444.000 148.6 60.78
1445.000 148.5 60.76
1446.000 148.3 60.83
1447.000 148.2 60.83
1448.000 148.1 60.77
1449.000 147.9 60.75
1450.000 147.8 60.72
1451.000 147.6 60.74
1452.000 147.5 60.73
1453.000 147.5 60.70
1454.000 147.5 60.69
1455.000 147.5 60.68
1456.000 147.5 60.71
1457.000 147.5 60.64
1458.000 147.5 60.68
1459.000 147.6 60.70
1460.000 147.6 60.69
1461.000 147.6 60.69
1462.000 147.6 60.70
1463.000 147.7 60.70
1464.000 147.9 60.70
1465.000 147.9 60.72
1466.000 147.9 60.73
1467.000 148.0 60.74
1468.000 148.1 60.77
1469.000 148.4 60.75
1470.000 148.8 60.72
1471.000 149.0 60.69
1472.000 149.1 60.68
1473.000 149.6 60.74
1474.000 149.8 60.73
1475.000 150.1 60.71
1476.000 150.3 60.72
1477.000 150.6 60.77
1478.000 151.1 60.82
1479.000 151.4 60.68
1480.000 151.9 60.72
1481.000 152.2 60.77
1482.000 152.5 60.81
1483.000 153.1 60.76
1484.000 153.3 60.73
1485.000 153.9 60.74
1486.000 154.2 60.62
1487.000 154.4 60.69
1488.000 155.2 60.76
1489.000 155.6 60.78
1490.000 156.1 60.87
1491.000 156.5 60.75
1492.000 157.1 60.76
1493.000 157.5 60.85
1494.000 158.2 60.91
1495.000 158.6 60.92
1496.000 159.3 60.70
1497.000 159.9 60.82
1498.000 160.4 60.74
1499.000 161.2 60.97
1500.000 161.7 60.88
1501.000 162.3 60.83
1502.000 163.0 60.99
1503.000 163.4 60.87
1504.000 164.2 60.87
1505.000 165.1 60.81
1506.000 165.6 60.90
1507.000 166.3 60.91
1508.000 167.2 60.82
1509.000 168.0 60.88
1510.000 168.7 60.91
1511.000 169.4 60.86
1512.000 170.5 60.89
1513.000 171.1 60.95
1514.000 171.7 60.96
1515.000 172.5 61.11
1516.000 173.4 60.88
1517.000 174.2 60.90
1518.000 174.9 60.96
1519.000 175.7 60.92
1520.000 176.5 60.94
1521.000 177.6 60.93
1522.000 178.2 60.93
1523.000 179.3 60.90
1524.000 180.2 60.99
1525.000 181.1 60.93
1526.000 181.7 60.93
1527.000 182.7 60.95
1528.000 183.6 60.94
1529.000 184.6 60.99
1530.000 185.6 60.89
1531.000 186.5 60.89
1532.000 187.7 61.04
1533.000 188.7 61.06
1534.000 189.6 61.03
1535.000 190.4 61.21
1536.000 191.5 61.11
1537.000 192.5 61.02
1538.000 193.6 61.15
1539.000 194.7 61.37
1540.000 195.6 61.63
1541.000 196.7 61.74
1542.000 197.9 61.76
1543.000 198.6 61.81
1544.000 199.6 61.91
1545.000 200.3 61.67
1546.000 201.4 61.67
1547.000 202.5 61.69
1548.000 203.6 61.67
1549.000 204.6 61.72
1550.000 205.4 61.79
1551.000 206.5 61.67
1552.000 207.4 61.67
1553.000 208.4 61.77
1554.000 209.5 61.78
1555.000 210.5 61.76
1556.000 211.5 61.83
1557.000 212.1 61.72
1558.000 213.2 61.88
1559.000 213.9 61.83
1560.000 214.8 61.84
1561.000 215.9 61.73
1562.000 216.9 61.73
1563.000 217.7 61.80
1564.000 218.4 61.89
1565.000 219.5 61.78
1566.000 220.4 61.85
1567.000 221.5 61.78
1568.000 222.4 61.91
1569.000 223.4 61.85
1570.000 224.1 61.74
1571.000 224.8 61.92
1572.000 225.8 61.88
1573.000 226.6 61.88
1574.000 227.6 61.83
1575.000 228.4 62.05
1576.000 229.2 61.93
1577.000 229.8 61.95
1578.000 230.6 61.94
1579.000 231.5 61.91
1580.000 232.3 61.95
1581.000 233.0 61.89
1582.000 233.8 62.14
1583.000 234.7 61.99
1584.000 235.7 61.93
1585.000 236.4 62.05
1586.000 237.3 62.05
1587.000 238.1 62.10
1588.000 238.9 62.06
1589.000 239.7 62.00
1590.000 240.5 62.17
1591.000 241.4 61.97
1592.000 242.1 62.02
1593.000 242.7 62.15
1594.000 243.5 61.95
1595.000 244.3 61.97
1596.000 245.3 61.99
1597.000 245.8 62.11
1598.000 246.3 62.00
1599.000 247.1 62.02
1600.000 247.7 62.12
1601.000 248.2 62.16
1602.000 248.8 62.09
1603.000 249.5 62.16
1604.000 250.1 62.01
1605.000 250.7 62.06
1606.000 251.4 62.13
1607.000 252.2 62.13
1608.000 252.6 62.28
1609.000 253.3 62.41
1610.000 253.8 62.50
1611.000 254.3 62.38
1612.000 255.0 62.41
1613.000 255.4 62.43
1614.000 255.9 62.50
1615.000 256.2 62.46
1616.000 256.9 62.42
1617.000 257.2 62.41
1618.000 257.9 62.48
1619.000 258.1 62.52
1620.000 258.4 62.48
1621.000 259.0 62.50
1622.000 259.3 62.45
1623.000 259.7 62.49
1624.000 259.9 62.45
1625.000 260.3 62.56
1626.000 260.9 62.61
1627.000 261.0 62.59
1628.000 261.3 62.72
1629.000 261.6 62.64
1630.000 261.7 62.66
1631.000 262.0 62.60
1632.000 262.1 62.52
1633.000 262.2 62.55
1634.000 262.5 62.53
1635.000 262.8 62.55
1636.000 262.9 62.58
1637.000 263.1 62.61
1638.000 263.1 62.55
1639.000 263.2 62.58
1640.000 263.5 62.57
1641.000 263.6 62.60
1642.000 263.7 62.54
1643.000 263.7 62.59
1644.000 263.7 62.60
1645.000 263.7 62.61
1646.000 263.7 62.62
1647.000 263.7 62.59
1648.000 263.7 62.66
1649.000 263.7 62.58
1650.000 263.7 62.59
1651.000 263.7 62.63
1652.000 263.6 62.62
1653.000 263.6 62.57
1654.000 263.5 62.53
1655.000 263.4 62.54
1656.000 263.2 62.56
1657.000 262.8 62.53
1658.000 262.7 62.56
1659.000 262.3 62.62
1660.000 262.3 62.63
1661.000 262.1 62.52
1662.000 261.7 62.61
1663.000 261.6 62.62
1664.000 261.4 62.65
1665.000 261.1 62.51
1666.000 260.7 62.61
1667.000 260.4 62.55
1668.000 259.9 62.45
1669.000 259.5 62.43
1670.000 259.3 62.50
1671.000 258.9 62.51
1672.000 258.4 62.50
1673.000 258.2 62.52
1674.000 257.7 62.50
1675.000 257.2 62.44
1676.000 256.9 62.50
1677.000 256.4 62.48
1678.000 256.0 62.52
1679.000 255.4 62.46
1680.000 255.1 62.36
1681.000 254.2 62.48
1682.000 253.8 62.48
1683.000 253.3 62.49
1684.000 252.9 62.51
1685.000 252.1 62.44
1686.000 251.6 62.51
1687.000 251.2 62.48
1688.000 250.6 62.38
1689.000 249.9 62.45
1690.000 249.3 62.48
1691.000 248.6 62.45
1692.000 247.9 62.33
1693.000 247.1 62.41
1694.000 246.4 62.37
1695.000 245.8 62.34
1696.000 245.3 62.33
1697.000 244.5 62.35
1698.000 243.8 62.14
1699.000 243.1 62.14
1700.000 242.2 61.97
1701.000 241.6 62.05
1702.000 240.7 62.13
1703.000 240.2 62.02
1704.000 239.3 62.09
1705.000 238.6 62.12
1706.000 237.7 62.01
1707.000 236.9 61.97
1708.000 236.1 62.07
1709.000 235.3 62.04
1710.000 234.5 62.01
1711.000 233.6 62.15
1712.000 232.7 61.93
1713.000 232.0 62.03
1714.000 231.2 62.02
1715.000 230.3 62.11
1716.000 229.5 61.88
1717.000 228.9 61.98
1718.000 228.2 61.98
1719.000 227.4 61.82
1720.000 226.5 61.93
1721.000 225.8 61.91
1722.000 224.7 61.90
1723.000 224.0 61.86
1724.000 223.1 61.71
1725.000 222.1 61.95
1726.000 221.3 61.84
1727.000 220.5 61.80
1728.000 219.6 61.75
1729.000 218.6 61.81
1730.000 217.9 61.75
1731.000 217.0 61.76
1732.000 216.0 61.70
1733.000 215.1 61.73
1734.000 214.1 61.87
1735.000 213.4 61.76
1736.000 212.4 61.85
1737.000 211.7 61.68
1738.000 210.9 61.81
1739.000 209.7 61.76
1740.000 208.8 61.75
1741.000 207.9 61.71
1742.000 206.9 61.67
1743.000 206.0 61.66
1744.000 205.0 61.84
1745.000 204.1 61.75
1746.000 203.2 61.66
1747.000 202.3 61.67
1748.000 201.5 61.70
1749.000 200.5 61.67
1750.000 199.7 61.78
1751.000 199.1 61.91
1752.000 197.8 61.73
1753.000 196.9 61.75
1754.000 195.8 61.70
1755.000 194.6 61.65
1756.000 193.8 61.41
1757.000 192.8 61.34
1758.000 191.7 61.43
1759.000 190.9 61.60
1760.000 190.1 61.29
1761.000 189.1 61.40
1762.000 188.1 61.34
1763.000 187.2 61.36
1764.000 186.1 61.24
1765.000 185.3 61.06
1766.000 184.7 61.03
1767.000 183.7 61.00
1768.000 182.8 61.04
1769.000 181.9 60.94
1770.000 181.4 60.90
1771.000 180.6 61.02
1772.000 179.7 60.94
1773.000 179.0 60.94
1774.000 178.1 60.99
1775.000 177.3 60.99
1776.000 176.4 60.90
1777.000 175.8 60.97
1778.000 175.0 60.91
1779.000 174.1 60.99
1780.000 173.5 61.02
1781.000 172.8 61.11
1782.000 172.1 61.05
1783.000 171.5 61.02
1784.000 170.8 60.77
1785.000 170.2 60.92
1786.000 169.4 60.99
1787.000 168.9 60.96
1788.000 167.9 60.85
1789.000 167.3 60.93
1790.000 166.9 60.99
1791.000 166.1 60.96
1792.000 165.5 60.89
1793.000 165.0 60.81
1794.000 164.3 60.86
1795.000 163.9 60.83
1796.000 163.3 60.86
1797.000 162.9 60.91
1798.000 162.2 60.91
1799.000 161.8 60.82
1800.000 161.4 60.89
1801.000 160.8 60.84
1802.000 160.4 60.73
1803.000 160.0 60.83
1804.000 159.5 60.76
1805.000 159.2 60.80
1806.000 158.5 60.86
1807.000 158.2 60.85
1808.000 157.7 60.81
1809.000 157.4 60.73
1810.000 157.0 60.82
1811.000 156.6 60.78
1812.000 156.4 60.72
1813.000 156.1 60.83
1814.000 155.8 60.86
1815.000 155.6 60.75
1816.000 155.3 60.76
1817.000 155.2 60.79
1818.000 155.0 60.68
1819.000 154.5 60.75
1820.000 154.4 60.65
1821.000 154.1 60.63
1822.000 153.8 60.65
1823.000 153.7 60.70
1824.000 153.5 60.78
1825.000 153.4 60.73
1826.000 153.4 60.75
1827.000 153.3 60.67
1828.000 153.4 60.65
1829.000 153.3 60.66
1830.000 153.3 60.61
1831.000 153.2 60.79
1832.000 152.8 60.76
1833.000 152.7 60.75
1834.000 152.7 60.76
1835.000 152.7 60.76
1836.000 152.7 60.69
1837.000 152.7 60.65
1838.000 152.7 60.71
1839.000 152.7 60.77
1840.000 152.8 60.74
1841.000 152.8 60.69
1842.000 152.8 60.74
1843.000 153.0 60.77
1844.000 153.1 60.82
1845.000 153.1 60.80
1846.000 153.2 60.77
1847.000 153.4 60.65
1848.000 153.8 60.72
1849.000 153.9 60.68
1850.000 154.2 60.74
1851.000 154.5 60.78
1852.000 154.8 60.75
1853.000 154.8 60.78
1854.000 155.2 60.83
1855.000 155.6 60.80
1856.000 155.9 60.82
1857.000 155.9 60.83
1858.000 156.2 60.68
1859.000 156.8 60.76
1860.000 156.8 60.75
1861.000 157.2 60.70
1862.000 157.6 60.74
1863.000 158.1 60.83
1864.000 158.4 60.80
1865.000 158.8 60.81
1866.000 159.3 60.71
1867.000 159.8 60.78
1868.000 160.2 60.97
1869.000 160.5 60.77
1870.000 161.1 61.10
1871.000 161.6 60.83
1872.000 162.1 60.81
1873.000 162.6 60.93
1874.000 162.9 60.99
1875.000 163.4 60.91
1876.000 164.1 60.83
1877.000 164.5 60.80
1878.000 165.3 60.91
1879.000 165.8 60.99
1880.000 166.3 60.92
1881.000 167.0 60.99
1882.000 167.6 60.84
1883.000 168.3 60.85
1884.000 169.1 60.86
1885.000 169.8 60.95
1886.000 170.4 60.85
1887.000 171.2 60.96
1888.000 171.6 60.97
1889.000 172.3 61.01
1890.000 173.2 60.99
1891.000 173.8 60.91
1892.000 174.3 60.96
1893.000 175.1 60.94
