 Masse A  
t x y 
0.000 182.2 93.94
1.000 182.4 94.09
2.000 182.6 94.00
3.000 182.7 94.05
4.000 182.8 93.99
5.000 183.3 93.96
6.000 183.8 94.09
7.000 184.1 94.01
8.000 184.2 94.09
9.000 184.3 94.02
10.000 184.7 94.09
11.000 184.8 94.04
12.000 185.2 94.02
13.000 185.6 94.04
14.000 185.9 94.03
15.000 186.1 93.85
16.000 186.4 93.97
17.000 186.4 93.98
18.000 186.6 94.00
19.000 186.7 94.00
20.000 187.3 94.02
21.000 187.8 93.93
22.000 188.2 93.98
23.000 188.4 94.02
24.000 188.5 94.08
25.000 188.6 94.04
26.000 189.1 94.05
27.000 189.4 94.00
28.000 189.7 94.11
29.000 189.9 94.02
30.000 190.4 94.03
31.000 190.6 94.20
32.000 190.8 94.02
33.000 191.3 94.13
34.000 191.6 94.19
35.000 191.8 94.08
36.000 192.3 94.16
37.000 192.6 94.10
38.000 192.7 94.28
39.000 193.0 94.08
40.000 193.3 94.07
41.000 193.8 94.14
42.000 194.2 94.12
43.000 194.4 94.26
44.000 194.5 94.24
45.000 195.0 94.17
46.000 195.4 94.23
47.000 195.7 94.23
48.000 195.8 94.11
49.000 196.4 94.24
50.000 196.7 94.16
51.000 196.8 94.23
52.000 197.4 94.20
53.000 197.8 94.13
54.000 198.3 94.21
55.000 198.6 94.23
56.000 198.9 94.06
57.000 199.5 94.13
58.000 199.7 94.31
59.000 199.8 94.15
60.000 200.3 94.20
61.000 200.6 94.25
62.000 201.0 94.16
63.000 201.5 94.20
64.000 201.9 94.14
65.000 202.3 94.28
66.000 202.5 94.35
67.000 202.7 94.32
68.000 203.2 94.25
69.000 203.8 94.20
70.000 204.3 94.22
71.000 204.5 94.26
72.000 204.6 94.40
73.000 205.0 94.27
74.000 205.5 94.32
75.000 205.9 94.39
76.000 206.3 94.36
77.000 206.6 94.27
78.000 206.8 94.36
79.000 207.5 94.40
80.000 207.8 94.28
81.000 208.3 94.38
82.000 208.4 94.45
83.000 208.6 94.77
84.000 208.9 94.72
85.000 209.4 94.87
86.000 209.8 94.84
87.000 210.2 94.77
88.000 210.4 94.87
89.000 210.6 94.93
90.000 211.0 94.88
91.000 211.4 94.85
92.000 211.6 94.97
93.000 212.0 94.85
94.000 212.3 94.86
95.000 212.5 94.91
96.000 212.7 94.93
97.000 213.0 94.93
98.000 213.3 94.89
99.000 213.7 95.03
100.000 214.0 94.93
101.000 214.4 94.93
102.000 214.5 94.97
103.000 214.8 94.84
104.000 215.3 94.85
105.000 215.5 94.94
106.000 215.7 95.07
107.000 215.8 95.01
108.000 216.3 95.02
109.000 216.5 94.97
110.000 216.6 95.05
111.000 216.8 94.96
112.000 217.1 94.95
113.000 217.4 95.04
114.000 217.6 95.00
115.000 217.7 95.01
116.000 217.8 95.00
117.000 218.3 95.02
118.000 218.4 95.00
119.000 218.5 95.03
120.000 218.7 95.08
121.000 218.7 95.13
122.000 218.8 95.03
123.000 219.4 95.08
124.000 219.4 95.16
125.000 219.6 95.17
126.000 219.8 95.13
127.000 220.1 95.14
128.000 220.3 95.13
129.000 220.4 95.11
130.000 220.5 95.21
131.000 220.5 95.16
132.000 220.5 95.15
133.000 220.6 95.09
134.000 220.7 95.08
135.000 220.8 95.10
136.000 221.1 95.01
137.000 221.2 95.07
138.000 221.3 95.11
139.000 221.4 95.00
140.000 221.4 95.06
141.000 221.5 95.07
142.000 221.6 95.09
143.000 221.6 95.02
144.000 221.6 95.05
145.000 221.6 95.12
146.000 221.6 95.07
147.000 221.6 95.09
148.000 221.7 95.08
149.000 221.6 95.10
150.000 221.6 95.04
151.000 221.6 95.07
152.000 221.6 95.08
153.000 221.6 95.06
154.000 221.6 95.05
155.000 221.5 95.04
156.000 221.3 95.07
157.000 221.4 95.07
158.000 221.4 95.06
159.000 221.4 95.08
160.000 221.3 95.05
161.000 221.3 95.04
162.000 221.3 95.10
163.000 221.3 95.08
164.000 221.3 95.09
165.000 221.1 95.10
166.000 221.0 95.12
167.000 220.9 95.05
168.000 220.7 95.01
169.000 220.5 95.12
170.000 220.4 95.16
171.000 220.4 95.07
172.000 220.3 95.06
173.000 220.2 95.08
174.000 220.0 94.98
175.000 220.0 95.02
176.000 220.0 94.96
177.000 220.0 95.00
178.000 219.8 95.03
179.000 219.7 95.10
180.000 219.4 95.00
181.000 219.2 95.02
182.000 219.2 95.00
183.000 219.0 94.93
184.000 218.8 95.04
185.000 218.8 94.97
186.000 218.7 95.04
187.000 218.3 95.04
188.000 218.1 94.98
189.000 218.0 94.92
190.000 218.0 94.98
191.000 217.9 94.90
192.000 217.7 94.90
193.000 217.6 94.95
194.000 217.2 94.92
195.000 216.8 94.97
196.000 216.8 94.91
197.000 216.8 94.87
198.000 216.5 95.01
199.000 216.2 94.98
200.000 216.1 94.96
201.000 216.0 94.90
202.000 215.5 94.92
203.000 215.4 94.92
204.000 215.1 94.84
205.000 214.9 94.91
206.000 214.7 94.94
207.000 214.4 94.92
208.000 214.3 94.91
209.000 214.2 94.86
210.000 214.1 94.90
211.000 213.7 94.89
212.000 213.5 94.96
213.000 213.1 94.89
214.000 213.0 94.90
215.000 212.9 94.91
216.000 212.7 94.94
217.000 212.3 94.96
218.000 212.1 94.97
219.000 211.9 94.93
220.000 211.9 94.85
221.000 211.7 94.89
222.000 211.2 94.87
223.000 211.1 94.85
224.000 210.7 94.89
225.000 210.4 94.84
226.000 210.2 94.88
227.000 210.1 94.92
228.000 210.0 94.83
229.000 209.8 94.82
230.000 209.8 94.85
231.000 209.4 94.89
232.000 209.1 94.78
233.000 208.9 94.79
234.000 208.6 94.77
235.000 208.3 94.72
236.000 208.0 94.81
237.000 207.9 94.72
238.000 207.8 94.65
239.000 207.6 94.79
240.000 207.0 94.76
241.000 206.7 94.88
242.000 206.4 94.81
243.000 206.2 94.77
244.000 206.0 94.79
245.000 206.0 94.74
246.000 205.7 94.71
247.000 205.3 94.69
248.000 205.1 94.71
249.000 204.9 94.68
250.000 204.9 94.66
251.000 204.6 94.75
252.000 204.2 94.66
253.000 203.8 94.66
254.000 203.9 94.68
255.000 203.6 94.71
256.000 203.3 94.73
257.000 203.2 94.74
258.000 203.0 94.74
259.000 202.9 94.72
260.000 202.7 94.77
261.000 202.3 94.74
262.000 202.2 94.74
263.000 201.8 94.61
264.000 201.9 94.73
265.000 201.7 94.70
266.000 201.1 94.68
267.000 201.1 94.67
268.000 200.8 94.71
269.000 200.8 94.61
270.000 200.6 94.72
271.000 200.3 94.67
272.000 200.2 94.61
273.000 199.9 94.61
274.000 200.0 94.61
275.000 199.9 94.64
276.000 199.9 94.41
277.000 199.9 94.25
278.000 199.7 94.24
279.000 199.3 94.23
280.000 198.9 94.15
281.000 198.7 94.18
282.000 198.7 94.33
283.000 198.2 94.29
284.000 198.1 94.27
285.000 198.1 94.24
286.000 197.8 94.25
287.000 197.9 94.20
288.000 197.8 94.15
289.000 197.8 94.17
290.000 197.7 94.23
291.000 197.3 94.19
292.000 197.0 94.21
293.000 196.9 94.21
294.000 196.9 94.20
295.000 196.8 94.22
296.000 196.6 94.25
297.000 196.3 94.23
298.000 196.1 94.17
299.000 196.1 94.22
300.000 196.0 94.22
301.000 196.0 94.15
302.000 196.0 94.19
303.000 195.9 94.16
304.000 195.8 94.17
305.000 195.8 94.18
306.000 195.7 94.17
307.000 195.4 94.22
308.000 195.2 94.23
309.000 195.2 94.16
310.000 195.0 94.16
311.000 195.0 94.14
312.000 195.1 94.24
313.000 195.1 94.16
314.000 195.0 94.18
315.000 195.0 94.24
316.000 195.0 94.16
317.000 194.7 94.25
318.000 194.5 94.21
319.000 194.4 94.26
320.000 194.4 94.21
321.000 194.3 94.14
322.000 194.3 94.19
323.000 194.3 94.15
324.000 194.3 94.15
325.000 194.3 94.17
326.000 194.3 94.16
327.000 194.3 94.17
328.000 194.2 94.16
329.000 194.2 94.21
330.000 194.3 94.16
331.000 194.3 94.17
332.000 194.2 94.18
333.000 194.2 94.18
334.000 194.3 94.17
335.000 194.3 94.21
336.000 194.4 94.19
337.000 194.4 94.20
338.000 194.4 94.22
339.000 194.3 94.22
340.000 194.4 94.28
341.000 194.4 94.21
342.000 194.5 94.27
343.000 194.5 94.20
344.000 194.5 94.23
345.000 194.5 94.24
346.000 194.5 94.26
347.000 194.6 94.31
348.000 194.8 94.13
349.000 195.2 94.16
350.000 195.3 94.18
351.000 195.3 94.19
352.000 195.3 94.16
353.000 195.3 94.23
354.000 195.4 94.15
355.000 195.6 94.22
356.000 195.6 94.20
357.000 195.7 94.26
358.000 195.7 94.20
359.000 196.1 94.19
360.000 196.2 94.27
361.000 196.3 94.23
362.000 196.3 94.23
363.000 196.4 94.32
364.000 196.5 94.22
365.000 196.6 94.28
366.000 196.6 94.26
367.000 196.8 94.19
368.000 197.1 94.23
369.000 197.3 94.21
370.000 197.5 94.25
371.000 197.5 94.20
372.000 197.9 94.15
373.000 198.1 94.28
374.000 198.2 94.21
375.000 198.5 94.23
376.000 198.5 94.28
377.000 198.6 94.27
378.000 198.8 94.14
379.000 199.1 94.20
380.000 199.3 94.25
381.000 199.5 94.22
382.000 199.5 94.32
383.000 199.7 94.32
384.000 199.8 94.31
385.000 200.1 94.31
386.000 200.2 94.30
387.000 200.5 94.31
388.000 200.4 94.36
389.000 200.5 94.32
390.000 200.8 94.30
391.000 201.1 94.29
392.000 201.3 94.25
393.000 201.7 94.33
394.000 201.6 94.38
395.000 202.0 94.35
396.000 202.3 94.31
397.000 202.4 94.29
398.000 202.5 94.33
399.000 202.6 94.33
400.000 202.8 94.29
401.000 203.4 94.33
402.000 203.5 94.28
403.000 203.7 94.33
404.000 203.8 94.25
405.000 204.3 94.30
406.000 204.4 94.27
407.000 204.5 94.34
408.000 204.7 94.32
409.000 204.8 94.37
410.000 205.4 94.34
411.000 205.7 94.41
412.000 205.8 94.35
413.000 206.1 94.50
414.000 206.3 94.73
415.000 206.5 94.76
416.000 206.6 94.84
417.000 207.0 94.61
418.000 207.3 94.75
419.000 207.5 94.78
420.000 207.6 94.78
421.000 208.0 94.91
422.000 208.3 94.75
423.000 208.5 94.78
424.000 208.7 94.84
425.000 208.8 94.72
426.000 209.2 94.81
427.000 209.5 94.71
428.000 209.6 94.83
429.000 209.8 94.80
430.000 210.4 94.79
431.000 210.4 94.87
432.000 210.6 94.87
433.000 210.6 94.94
434.000 211.0 94.89
435.000 211.4 94.86
436.000 211.6 94.97
437.000 211.7 94.90
438.000 211.8 94.88
439.000 212.2 94.89
440.000 212.3 94.87
441.000 212.7 94.94
442.000 212.9 94.86
443.000 213.2 94.88
444.000 213.5 94.94
445.000 213.6 94.83
446.000 213.9 94.85
447.000 214.1 94.79
448.000 214.3 94.82
449.000 214.4 94.85
450.000 214.6 94.85
451.000 214.7 94.87
452.000 215.0 94.83
453.000 215.6 94.91
454.000 215.6 94.97
455.000 216.0 94.89
456.000 216.1 94.99
457.000 216.3 94.94
458.000 216.4 94.93
459.000 216.6 94.99
460.000 216.9 94.89
461.000 217.3 94.96
462.000 217.4 94.96
463.000 217.7 95.02
464.000 217.8 95.03
465.000 218.0 94.96
466.000 218.3 94.99
467.000 218.5 94.99
468.000 218.4 94.93
469.000 218.5 95.02
470.000 218.5 94.98
471.000 218.7 94.95
472.000 218.7 95.05
473.000 218.9 95.00
474.000 219.6 94.97
475.000 219.6 95.00
476.000 219.9 94.96
477.000 220.2 94.96
478.000 220.3 94.96
479.000 220.4 95.03
480.000 220.5 95.06
481.000 220.6 95.05
482.000 220.7 95.03
483.000 220.7 94.98
484.000 220.9 95.05
485.000 221.3 94.95
486.000 221.5 94.98
487.000 221.6 95.02
488.000 221.6 94.98
489.000 221.7 95.06
490.000 221.7 94.98
491.000 222.1 94.94
492.000 222.3 95.00
493.000 222.3 94.98
494.000 222.5 95.06
495.000 222.4 95.01
496.000 222.5 94.99
497.000 222.5 95.02
498.000 222.6 95.02
499.000 222.7 95.06
500.000 222.8 95.01
501.000 223.0 94.99
502.000 223.3 95.05
503.000 223.2 95.01
504.000 223.4 95.07
505.000 223.4 95.14
506.000 223.4 95.01
507.000 223.4 95.02
508.000 223.4 95.04
509.000 223.5 95.08
510.000 223.5 95.06
511.000 223.5 95.05
512.000 223.6 95.12
513.000 223.6 95.07
514.000 223.6 95.08
515.000 223.6 95.00
516.000 223.8 94.99
517.000 223.9 95.07
518.000 224.0 95.00
519.000 224.0 95.06
520.000 224.0 95.02
521.000 224.0 94.98
522.000 224.0 95.08
523.000 224.0 95.00
524.000 224.0 95.05
525.000 224.0 95.00
526.000 224.0 95.01
527.000 223.9 95.07
528.000 223.9 95.18
529.000 223.9 95.07
530.000 223.9 95.06
531.000 223.8 94.97
532.000 223.7 95.11
533.000 223.5 94.96
534.000 223.4 94.97
535.000 223.4 95.13
536.000 223.4 95.05
537.000 223.3 95.03
538.000 223.2 95.01
539.000 223.3 95.03
540.000 223.2 95.00
541.000 223.1 95.01
542.000 222.8 94.96
543.000 223.0 94.98
544.000 222.7 94.98
545.000 222.5 95.00
546.000 222.4 94.99
547.000 222.3 94.99
548.000 222.3 94.93
549.000 222.2 94.98
550.000 222.2 94.95
551.000 222.1 94.89
552.000 222.0 94.95
553.000 222.0 94.96
554.000 222.0 94.97
555.000 221.8 94.96
556.000 221.7 95.02
557.000 221.3 95.06
558.000 221.2 95.05
559.000 221.1 95.02
560.000 221.0 95.04
561.000 220.8 94.99
562.000 220.8 95.08
563.000 220.7 95.09
564.000 220.3 95.08
565.000 220.1 95.06
566.000 219.9 94.89
567.000 219.9 95.01
568.000 219.9 94.95
569.000 219.5 94.96
570.000 219.2 94.96
571.000 219.1 94.92
572.000 219.0 94.95
573.000 218.8 94.91
574.000 218.6 95.03
575.000 218.3 95.03
576.000 218.1 94.98
577.000 218.1 94.92
578.000 217.9 94.94
579.000 217.7 94.90
580.000 217.4 94.98
581.000 217.1 94.93
582.000 217.0 94.91
583.000 216.9 94.90
584.000 216.8 94.88
585.000 216.4 94.97
586.000 216.2 94.93
587.000 216.0 94.86
588.000 215.9 94.83
589.000 215.9 94.83
590.000 215.5 94.83
591.000 215.1 94.79
592.000 215.0 94.86
593.000 214.7 94.85
594.000 214.3 94.87
595.000 214.1 94.83
596.000 214.1 94.81
597.000 213.9 94.81
598.000 213.9 94.86
599.000 213.8 94.80
600.000 213.5 94.90
601.000 213.1 94.86
602.000 212.8 94.77
603.000 212.8 94.83
604.000 212.6 94.87
605.000 212.2 94.88
606.000 211.8 94.84
607.000 211.9 94.84
608.000 211.6 94.94
609.000 211.3 94.90
610.000 210.8 94.94
611.000 210.9 94.81
612.000 210.6 94.77
613.000 210.4 94.86
614.000 210.1 94.81
615.000 210.0 94.83
616.000 209.9 94.82
617.000 209.7 94.90
618.000 209.3 94.87
619.000 209.1 94.75
620.000 208.8 94.81
621.000 208.7 94.77
622.000 208.3 94.75
623.000 208.2 94.79
624.000 208.0 94.75
625.000 207.8 94.79
626.000 207.5 94.81
627.000 207.1 94.74
628.000 206.9 94.87
629.000 206.6 94.82
630.000 206.3 94.81
631.000 206.2 94.80
632.000 206.0 94.68
633.000 205.9 94.83
634.000 205.7 94.74
635.000 205.7 94.76
636.000 205.1 94.76
637.000 205.0 94.77
638.000 204.7 94.73
639.000 204.4 94.74
640.000 204.2 94.71
641.000 204.2 94.70
642.000 203.8 94.62
643.000 203.9 94.61
644.000 203.8 94.63
645.000 203.7 94.61
646.000 203.5 94.72
647.000 203.2 94.69
648.000 202.9 94.79
649.000 202.8 94.72
650.000 202.7 94.67
651.000 202.2 94.67
652.000 202.2 94.59
653.000 201.8 94.70
654.000 201.9 94.71
655.000 201.9 94.65
656.000 201.7 94.77
657.000 201.3 94.67
658.000 201.2 94.67
659.000 201.0 94.59
660.000 200.8 94.56
661.000 200.5 94.74
662.000 200.4 94.64
663.000 200.2 94.67
664.000 200.2 94.68
665.000 200.1 94.63
666.000 200.1 94.62
667.000 200.0 94.57
668.000 199.6 94.74
669.000 199.5 94.62
670.000 199.3 94.63
671.000 199.2 94.61
672.000 199.1 94.58
673.000 199.0 94.56
674.000 198.9 94.57
675.000 198.9 94.55
676.000 198.8 94.61
677.000 198.8 94.53
678.000 198.7 94.60
679.000 198.2 94.65
680.000 198.2 94.60
681.000 198.1 94.67
682.000 198.1 94.52
683.000 197.9 94.63
684.000 198.0 94.63
685.000 198.0 94.56
686.000 198.0 94.56
687.000 197.9 94.56
688.000 197.9 94.54
689.000 197.6 94.53
690.000 197.4 94.56
691.000 197.3 94.66
692.000 197.2 94.61
693.000 197.2 94.67
694.000 197.2 94.64
695.000 197.1 94.61
696.000 197.1 94.63
697.000 197.0 94.52
698.000 197.1 94.61
699.000 196.8 94.55
700.000 196.9 94.53
701.000 196.9 94.56
702.000 196.9 94.56
703.000 196.9 94.55
704.000 196.8 94.56
705.000 196.8 94.51
706.000 196.8 94.60
707.000 196.8 94.60
708.000 196.8 94.53
709.000 196.8 94.61
710.000 196.8 94.52
711.000 196.8 94.52
712.000 196.8 94.60
713.000 196.8 94.61
714.000 196.8 94.60
715.000 196.9 94.61
716.000 196.9 94.59
717.000 197.0 94.62
718.000 196.8 94.53
719.000 196.9 94.57
720.000 197.0 94.61
721.000 197.0 94.57
722.000 197.0 94.61
723.000 197.1 94.56
724.000 197.1 94.63
725.000 197.1 94.57
726.000 197.2 94.59
727.000 197.3 94.60
728.000 197.3 94.53
729.000 197.3 94.60
730.000 197.4 94.58
731.000 197.4 94.62
732.000 197.6 94.58
733.000 197.6 94.59
734.000 197.6 94.66
735.000 197.7 94.61
736.000 197.7 94.60
737.000 197.8 94.68
738.000 198.1 94.60
739.000 198.2 94.63
740.000 198.2 94.59
741.000 198.3 94.62
742.000 198.4 94.65
743.000 198.4 94.55
744.000 198.7 94.68
745.000 198.6 94.65
746.000 198.6 94.62
747.000 198.8 94.58
748.000 199.2 94.59
749.000 199.3 94.71
750.000 199.4 94.70
751.000 199.4 94.68
752.000 199.6 94.75
753.000 199.7 94.64
754.000 199.8 94.67
755.000 200.1 94.67
756.000 200.2 94.60
757.000 200.3 94.68
758.000 200.4 94.67
759.000 200.6 94.75
760.000 200.6 94.69
761.000 200.7 94.66
762.000 200.9 94.73
763.000 201.3 94.64
764.000 201.4 94.73
765.000 201.6 94.72
766.000 201.6 94.69
767.000 201.8 94.69
768.000 202.2 94.67
769.000 202.4 94.65
770.000 202.4 94.66
771.000 202.6 94.68
772.000 202.7 94.75
773.000 202.9 94.65
774.000 203.3 94.66
775.000 203.4 94.72
776.000 203.6 94.73
777.000 203.9 94.63
778.000 204.1 94.71
779.000 204.3 94.70
780.000 204.3 94.71
781.000 204.5 94.64
782.000 204.7 94.71
783.000 204.8 94.76
784.000 205.4 94.73
785.000 205.5 94.76
786.000 205.8 94.72
787.000 206.0 94.71
788.000 206.1 94.70
789.000 206.4 94.92
790.000 206.5 94.86
791.000 206.5 94.81
792.000 206.7 94.81
793.000 207.0 94.86
794.000 207.4 94.79
795.000 207.7 94.84
796.000 207.9 94.73
797.000 208.3 94.82
798.000 208.4 94.87
799.000 208.5 94.77
800.000 208.6 94.92
801.000 208.7 94.86
802.000 208.8 94.87
803.000 209.3 94.87
804.000 209.6 94.76
805.000 209.7 94.88
806.000 209.7 94.77
807.000 209.9 94.79
808.000 210.2 94.85
809.000 210.4 94.85
810.000 210.7 94.84
811.000 210.7 94.87
812.000 210.9 94.92
813.000 211.5 94.93
814.000 211.5 94.95
815.000 211.6 94.91
816.000 211.8 94.99
817.000 212.1 94.92
818.000 212.3 94.94
819.000 212.6 94.88
820.000 212.6 94.95
821.000 212.7 94.99
822.000 213.0 94.84
823.000 213.3 94.86
824.000 213.5 94.88
825.000 213.6 94.87
826.000 213.8 94.92
827.000 214.3 94.84
828.000 214.5 94.97
829.000 214.5 94.89
830.000 214.7 94.90
831.000 214.7 94.93
832.000 215.1 94.92
833.000 215.4 94.96
834.000 215.6 94.92
835.000 215.7 94.95
836.000 215.8 94.97
837.000 216.1 94.96
838.000 216.5 95.00
839.000 216.5 94.89
840.000 216.6 95.00
841.000 216.9 95.00
842.000 217.1 94.90
843.000 217.2 95.00
844.000 217.5 94.98
845.000 217.5 94.96
846.000 217.6 94.97
847.000 217.6 94.99
848.000 217.9 94.97
849.000 218.2 94.98
850.000 218.3 94.98
851.000 218.3 95.02
852.000 218.5 95.02
853.000 218.5 95.02
854.000 218.5 95.04
855.000 218.7 95.04
856.000 219.0 95.02
857.000 219.3 94.98
858.000 219.5 94.95
859.000 219.6 94.99
860.000 219.7 94.97
861.000 219.9 94.95
862.000 220.1 94.96
863.000 220.3 95.02
864.000 220.3 95.10
865.000 220.3 95.02
866.000 220.4 95.03
867.000 220.4 95.00
868.000 220.5 95.04
869.000 220.5 94.99
870.000 220.6 95.01
871.000 220.6 95.03
872.000 220.7 95.01
873.000 220.7 95.03
874.000 220.9 95.00
875.000 221.2 94.99
876.000 221.2 95.01
877.000 221.2 95.02
878.000 221.2 94.98
879.000 221.4 95.01
880.000 221.4 95.06
881.000 221.4 95.05
882.000 221.5 94.97
883.000 221.5 95.03
884.000 221.5 95.07
885.000 221.6 95.07
886.000 221.7 95.05
887.000 221.7 95.02
888.000 221.6 95.02
889.000 221.7 95.10
890.000 221.8 94.98
891.000 222.0 95.04
892.000 222.0 95.03
893.000 222.1 95.04
894.000 222.1 95.00
895.000 222.1 94.95
896.000 222.1 95.01
897.000 222.1 94.97
898.000 222.1 95.00
899.000 222.1 95.01
900.000 222.1 95.02
901.000 222.1 94.96
902.000 222.1 95.02
903.000 222.1 94.98
904.000 222.1 95.02
905.000 222.1 94.97
906.000 222.1 95.07
907.000 222.0 94.96
908.000 222.0 95.01
909.000 222.0 94.95
910.000 222.0 94.98
911.000 222.0 94.98
912.000 221.9 94.99
913.000 221.8 94.97
914.000 221.8 94.94
915.000 221.8 94.95
916.000 221.7 94.97
917.000 221.7 94.96
918.000 221.4 94.97
919.000 221.2 94.97
920.000 221.1 95.01
921.000 221.0 94.99
922.000 221.1 94.98
923.000 221.0 95.01
924.000 220.9 95.12
925.000 220.9 95.01
926.000 220.9 95.02
927.000 220.9 95.07
928.000 220.8 94.99
929.000 220.6 95.09
930.000 220.4 94.99
931.000 220.3 95.02
932.000 220.1 95.02
933.000 220.1 95.03
934.000 220.0 94.99
935.000 219.9 94.97
936.000 219.8 94.88
937.000 219.8 94.94
938.000 219.5 94.93
939.000 219.2 95.01
940.000 219.1 95.04
941.000 219.1 94.99
942.000 218.9 95.02
943.000 218.6 94.95
944.000 218.3 95.06
945.000 218.2 95.02
946.000 218.1 95.01
947.000 218.1 95.02
948.000 217.9 94.96
949.000 217.8 94.98
950.000 217.8 95.03
951.000 217.7 94.93
952.000 217.6 95.08
953.000 217.1 94.98
954.000 216.8 95.06
955.000 216.8 94.96
956.000 216.7 94.98
957.000 216.2 95.05
958.000 216.1 94.96
959.000 215.9 94.94
960.000 215.9 94.94
961.000 215.9 94.85
962.000 215.9 94.88
963.000 215.4 94.82
964.000 215.1 94.84
965.000 215.0 94.88
966.000 214.5 94.82
967.000 214.4 94.88
968.000 214.1 94.87
969.000 214.1 94.86
970.000 213.8 94.86
971.000 213.8 94.75
972.000 213.6 94.86
973.000 213.3 94.88
974.000 213.1 94.85
975.000 212.8 94.87
976.000 212.8 94.87
977.000 212.6 95.01
978.000 212.3 94.91
979.000 212.2 94.88
980.000 211.9 94.93
981.000 211.9 94.90
982.000 211.8 94.93
983.000 211.5 94.94
984.000 211.2 94.95
985.000 210.9 94.95
986.000 210.8 94.84
987.000 210.6 94.89
988.000 210.2 94.92
989.000 210.1 94.85
990.000 209.9 94.90
991.000 209.9 94.89
992.000 209.8 94.89
993.000 209.6 94.89
994.000 209.2 94.84
995.000 209.1 94.90
996.000 208.9 94.67
997.000 208.8 94.73
998.000 208.6 94.81
999.000 208.2 94.70
1000.000 208.0 94.74
1001.000 207.8 94.67
1002.000 207.8 94.81
1003.000 207.6 94.80
1004.000 207.1 94.72
1005.000 207.0 94.78
1006.000 206.7 94.77
1007.000 206.4 94.81
1008.000 206.2 94.75
1009.000 206.0 94.73
1010.000 206.0 94.74
1011.000 205.8 94.77
1012.000 205.7 94.79
1013.000 205.2 94.81
1014.000 205.1 94.71
1015.000 204.9 94.79
1016.000 204.8 94.73
1017.000 204.7 94.74
1018.000 204.4 94.68
1019.000 204.3 94.68
1020.000 204.0 94.64
1021.000 204.0 94.67
1022.000 203.9 94.56
1023.000 203.9 94.58
1024.000 203.8 94.58
1025.000 203.7 94.67
1026.000 203.2 94.68
1027.000 203.1 94.71
1028.000 202.8 94.80
1029.000 202.7 94.74
1030.000 202.3 94.83
1031.000 202.3 94.72
1032.000 202.1 94.65
1033.000 202.1 94.73
1034.000 201.9 94.61
1035.000 201.9 94.68
1036.000 201.7 94.78
1037.000 201.4 94.69
1038.000 201.3 94.72
1039.000 201.1 94.59
1040.000 201.0 94.64
1041.000 201.0 94.56
1042.000 200.8 94.66
1043.000 200.8 94.71
1044.000 200.6 94.73
1045.000 200.3 94.59
1046.000 200.2 94.65
1047.000 200.2 94.58
1048.000 200.0 94.66
1049.000 200.0 94.60
1050.000 200.0 94.65
1051.000 200.0 94.66
1052.000 199.9 94.64
1053.000 199.9 94.64
1054.000 199.9 94.64
1055.000 199.9 94.64
1056.000 199.7 94.56
1057.000 199.3 94.56
1058.000 199.2 94.57
1059.000 199.2 94.50
1060.000 199.0 94.57
1061.000 199.0 94.55
1062.000 198.9 94.47
1063.000 198.9 94.51
1064.000 198.8 94.55
1065.000 198.8 94.57
1066.000 198.8 94.57
1067.000 198.8 94.59
1068.000 198.7 94.63
1069.000 198.4 94.56
1070.000 198.3 94.62
1071.000 198.2 94.59
1072.000 198.2 94.58
1073.000 198.2 94.57
1074.000 198.2 94.54
1075.000 198.1 94.54
1076.000 198.1 94.58
1077.000 198.1 94.53
1078.000 198.1 94.55
1079.000 198.1 94.58
1080.000 198.1 94.53
1081.000 198.1 94.58
1082.000 198.1 94.48
1083.000 198.1 94.49
1084.000 198.0 94.53
1085.000 198.1 94.52
1086.000 198.0 94.55
1087.000 198.1 94.56
1088.000 198.1 94.55
1089.000 198.1 94.58
1090.000 198.1 94.58
1091.000 198.1 94.60
1092.000 198.1 94.63
1093.000 198.1 94.54
1094.000 198.1 94.59
1095.000 198.1 94.54
1096.000 198.2 94.60
1097.000 198.2 94.57
1098.000 198.2 94.56
1099.000 198.2 94.58
1100.000 198.3 94.57
1101.000 198.3 94.59
1102.000 198.3 94.57
1103.000 198.3 94.53
1104.000 198.4 94.60
1105.000 198.4 94.54
1106.000 198.4 94.51
1107.000 198.5 94.58
1108.000 198.5 94.59
1109.000 198.5 94.61
1110.000 198.6 94.63
1111.000 198.6 94.71
1112.000 198.6 94.68
1113.000 198.8 94.60
1114.000 199.2 94.63
1115.000 199.3 94.61
1116.000 199.5 94.69
1117.000 199.5 94.68
1118.000 199.5 94.65
1119.000 199.5 94.66
1120.000 199.6 94.68
1121.000 199.8 94.62
1122.000 200.1 94.67
1123.000 200.1 94.66
1124.000 200.2 94.70
1125.000 200.2 94.69
1126.000 200.5 94.67
1127.000 200.4 94.69
1128.000 200.4 94.66
1129.000 200.5 94.68
1130.000 200.5 94.65
1131.000 200.6 94.65
1132.000 200.8 94.63
1133.000 201.2 94.63
1134.000 201.3 94.69
1135.000 201.4 94.69
1136.000 201.5 94.73
1137.000 201.6 94.71
1138.000 201.9 94.60
1139.000 202.1 94.77
1140.000 202.3 94.82
1141.000 202.3 94.66
1142.000 202.4 94.78
1143.000 202.5 94.67
1144.000 202.7 94.79
1145.000 202.7 94.78
1146.000 202.9 94.72
1147.000 203.2 94.71
1148.000 203.7 94.75
1149.000 203.8 94.67
1150.000 204.1 94.65
1151.000 204.1 94.65
1152.000 204.2 94.72
1153.000 204.3 94.63
1154.000 204.5 94.70
1155.000 204.5 94.67
1156.000 204.8 94.62
1157.000 205.1 94.69
1158.000 205.3 94.69
1159.000 205.5 94.80
1160.000 205.6 94.82
1161.000 205.7 94.82
1162.000 205.9 94.80
1163.000 206.2 94.68
1164.000 206.4 94.82
1165.000 206.5 94.90
1166.000 206.6 94.79
1167.000 206.8 94.85
1168.000 207.1 94.76
1169.000 207.5 94.79
1170.000 207.7 94.81
1171.000 207.7 94.72
1172.000 208.1 94.91
1173.000 208.2 94.80
1174.000 208.3 94.92
1175.000 208.5 94.92
1176.000 208.6 94.84
1177.000 208.7 94.92
1178.000 209.0 94.90
1179.000 209.2 94.82
1180.000 209.5 95.00
1181.000 209.5 94.84
1182.000 209.6 94.95
1183.000 209.9 94.88
1184.000 210.1 94.87
1185.000 210.3 94.91
1186.000 210.4 94.82
1187.000 210.5 94.92
1188.000 210.6 94.86
1189.000 210.6 94.91
1190.000 211.0 94.92
1191.000 211.4 94.89
1192.000 211.7 94.92
1193.000 211.7 94.92
1194.000 211.9 94.82
1195.000 212.2 94.88
1196.000 212.3 94.86
1197.000 212.4 94.97
1198.000 212.5 94.95
1199.000 212.5 94.95
1200.000 212.7 95.07
1201.000 212.8 94.94
1202.000 213.3 94.89
1203.000 213.5 94.90
1204.000 213.5 94.86
1205.000 213.6 94.93
1206.000 213.7 94.90
1207.000 213.8 94.87
1208.000 214.2 94.87
1209.000 214.4 94.84
1210.000 214.4 94.89
1211.000 214.8 94.88
1212.000 215.1 94.79
1213.000 215.3 94.90
1214.000 215.3 94.83
1215.000 215.7 95.02
1216.000 215.7 94.95
1217.000 215.7 95.02
1218.000 215.8 94.95
1219.000 216.3 94.98
1220.000 216.3 95.00
1221.000 216.5 95.01
1222.000 216.5 95.03
1223.000 216.8 95.05
1224.000 217.0 95.06
1225.000 217.1 95.04
1226.000 217.2 95.07
1227.000 217.3 94.95
1228.000 217.3 95.09
1229.000 217.4 95.01
1230.000 217.6 95.03
1231.000 217.5 94.97
1232.000 217.8 95.03
1233.000 218.1 95.01
1234.000 218.2 94.95
1235.000 218.2 95.03
1236.000 218.3 95.11
1237.000 218.4 95.10
1238.000 218.5 95.12
1239.000 218.6 95.08
1240.000 218.6 95.15
1241.000 218.6 95.12
1242.000 218.7 95.10
1243.000 218.8 95.02
1244.000 219.2 95.01
1245.000 219.3 95.08
1246.000 219.4 95.00
1247.000 219.5 95.00
1248.000 219.6 95.08
1249.000 219.6 95.06
1250.000 219.6 95.03
1251.000 219.8 95.02
1252.000 220.0 95.06
1253.000 220.1 95.10
1254.000 220.2 95.08
1255.000 220.3 95.04
1256.000 220.3 95.03
1257.000 220.2 94.97
1258.000 220.3 95.06
1259.000 220.3 95.08
1260.000 220.4 94.98
1261.000 220.3 95.09
1262.000 220.4 95.02
1263.000 220.4 95.06
1264.000 220.4 95.05
1265.000 220.4 95.07
1266.000 220.4 95.11
1267.000 220.4 95.04
1268.000 220.4 95.04
1269.000 220.4 95.06
1270.000 220.5 95.06
1271.000 220.5 95.04
1272.000 220.5 95.15
1273.000 220.5 95.09
1274.000 220.5 95.14
1275.000 220.5 95.07
1276.000 220.5 95.15
1277.000 220.5 95.08
1278.000 220.4 95.09
1279.000 220.5 95.10
1280.000 220.4 95.04
1281.000 220.4 95.11
1282.000 220.4 95.10
1283.000 220.5 95.09
1284.000 220.3 95.09
1285.000 220.4 95.11
1286.000 220.4 95.11
1287.000 220.4 95.05
1288.000 220.3 95.04
1289.000 220.3 95.06
1290.000 220.3 95.04
1291.000 220.3 95.07
1292.000 220.2 95.04
1293.000 220.2 95.03
1294.000 220.2 95.07
1295.000 220.1 95.01
1296.000 220.0 95.03
1297.000 220.0 95.05
1298.000 220.0 94.99
1299.000 220.0 95.01
1300.000 220.0 94.96
1301.000 219.9 95.00
1302.000 219.9 94.96
1303.000 219.8 94.97
1304.000 219.8 95.01
1305.000 219.7 95.07
1306.000 219.3 95.02
1307.000 219.2 95.04
1308.000 219.0 95.00
1309.000 218.9 95.05
1310.000 218.8 94.95
1311.000 218.7 95.05
1312.000 218.4 95.07
1313.000 218.3 95.05
1314.000 218.1 95.05
1315.000 218.1 95.00
1316.000 218.1 95.00
1317.000 217.9 94.98
1318.000 217.9 94.96
1319.000 217.9 94.95
1320.000 217.8 94.97
1321.000 217.8 94.97
1322.000 217.8 94.95
1323.000 217.7 94.99
1324.000 217.3 95.05
1325.000 217.0 94.98
1326.000 216.9 95.03
1327.000 216.9 95.03
1328.000 216.8 94.94
1329.000 216.7 95.03
1330.000 216.1 94.93
1331.000 216.1 94.97
1332.000 216.0 94.98
1333.000 216.0 94.82
1334.000 215.9 94.89
1335.000 215.8 94.76
1336.000 215.5 94.95
1337.000 215.2 94.81
1338.000 215.1 94.86
1339.000 214.9 94.85
1340.000 214.8 94.80
1341.000 214.7 94.95
1342.000 214.3 94.90
1343.000 214.0 94.82
1344.000 214.0 94.86
1345.000 213.9 94.86
1346.000 213.6 94.89
1347.000 213.3 94.90
1348.000 213.2 94.85
1349.000 213.1 94.92
1350.000 212.9 94.91
1351.000 212.9 94.89
1352.000 212.7 94.92
1353.000 212.4 94.92
1354.000 212.0 94.94
1355.000 212.1 94.92
1356.000 212.0 94.94
1357.000 211.8 94.96
1358.000 211.7 94.87
1359.000 211.3 94.93
1360.000 211.1 94.85
1361.000 211.0 94.91
1362.000 210.9 94.89
1363.000 210.5 94.89
1364.000 210.4 94.96
1365.000 210.2 94.93
1366.000 210.0 94.97
1367.000 210.0 94.94
1368.000 210.0 94.93
1369.000 209.8 94.80
1370.000 209.6 94.90
1371.000 209.2 94.75
1372.000 209.1 94.81
1373.000 208.8 94.77
1374.000 208.9 94.82
1375.000 208.8 94.88
1376.000 208.6 94.77
1377.000 208.2 94.82
1378.000 208.2 94.69
1379.000 208.0 94.81
1380.000 207.8 94.80
1381.000 207.6 94.74
1382.000 207.2 94.82
1383.000 207.0 94.74
1384.000 206.9 94.79
1385.000 206.8 94.81
1386.000 206.5 94.76
1387.000 206.3 94.86
1388.000 206.2 94.76
1389.000 206.1 94.72
1390.000 205.9 94.79
1391.000 206.0 94.73
1392.000 205.7 94.73
1393.000 205.2 94.80
1394.000 205.1 94.81
1395.000 205.0 94.79
1396.000 204.9 94.71
1397.000 204.8 94.77
1398.000 204.7 94.74
1399.000 204.3 94.66
1400.000 204.1 94.68
1401.000 204.1 94.50
1402.000 204.1 94.68
1403.000 203.9 94.68
1404.000 203.9 94.61
1405.000 203.9 94.67
1406.000 203.7 94.64
1407.000 203.3 94.70
1408.000 203.0 94.75
1409.000 202.9 94.70
1410.000 202.9 94.78
1411.000 202.7 94.62
1412.000 202.4 94.67
1413.000 202.1 94.66
1414.000 202.0 94.66
1415.000 202.1 94.70
1416.000 202.0 94.72
1417.000 201.9 94.64
1418.000 201.9 94.72
1419.000 201.7 94.64
1420.000 201.4 94.71
1421.000 201.2 94.73
1422.000 201.2 94.72
1423.000 201.1 94.71
1424.000 201.1 94.67
1425.000 201.0 94.73
1426.000 200.6 94.68
1427.000 200.5 94.73
1428.000 200.3 94.74
1429.000 200.3 94.62
1430.000 200.3 94.64
1431.000 200.2 94.62
1432.000 200.2 94.55
1433.000 200.2 94.62
1434.000 200.2 94.56
1435.000 200.0 94.66
1436.000 200.0 94.61
1437.000 200.0 94.62
1438.000 200.0 94.69
1439.000 199.8 94.59
1440.000 199.9 94.45
1441.000 199.9 94.60
1442.000 199.9 94.58
1443.000 199.9 94.60
1444.000 199.8 94.49
1445.000 199.8 94.56
1446.000 199.8 94.59
1447.000 199.8 94.59
1448.000 199.8 94.61
1449.000 199.7 94.57
1450.000 199.3 94.67
1451.000 199.2 94.60
1452.000 199.2 94.43
1453.000 199.2 94.31
1454.000 199.2 94.21
1455.000 199.2 94.20
1456.000 199.2 94.21
1457.000 199.0 94.11
1458.000 199.2 94.28
1459.000 199.1 94.16
1460.000 199.1 94.23
1461.000 199.1 94.19
1462.000 199.1 94.17
1463.000 199.1 94.20
1464.000 199.1 94.19
1465.000 199.1 94.15
1466.000 199.1 94.15
1467.000 199.1 94.18
1468.000 199.1 94.25
1469.000 199.1 94.21
1470.000 199.1 94.22
1471.000 199.1 94.24
1472.000 199.1 94.21
1473.000 199.1 94.23
1474.000 199.1 94.19
1475.000 199.2 94.23
1476.000 199.3 94.27
1477.000 199.3 94.21
1478.000 199.3 94.25
1479.000 199.3 94.23
1480.000 199.3 94.23
1481.000 199.4 94.26
1482.000 199.3 94.22
1483.000 199.4 94.31
1484.000 199.5 94.27
1485.000 199.5 94.29
1486.000 199.4 94.29
1487.000 199.5 94.24
1488.000 199.7 94.26
1489.000 199.6 94.26
1490.000 199.6 94.21
1491.000 199.7 94.30
1492.000 199.8 94.25
1493.000 200.0 94.29
1494.000 200.1 94.24
1495.000 200.1 94.18
1496.000 200.1 94.22
1497.000 200.2 94.20
1498.000 200.2 94.28
1499.000 200.2 94.25
1500.000 200.4 94.25
1501.000 200.5 94.36
1502.000 200.5 94.30
1503.000 200.7 94.32
1504.000 200.8 94.33
1505.000 201.2 94.25
1506.000 201.3 94.38
1507.000 201.3 94.32
1508.000 201.3 94.35
1509.000 201.4 94.34
1510.000 201.5 94.36
1511.000 201.6 94.42
1512.000 201.8 94.28
1513.000 202.1 94.26
1514.000 202.1 94.33
1515.000 202.3 94.25
1516.000 202.3 94.41
1517.000 202.4 94.33
1518.000 202.4 94.34
1519.000 202.5 94.35
1520.000 202.7 94.33
1521.000 202.6 94.36
1522.000 203.0 94.32
1523.000 203.2 94.32
1524.000 203.5 94.34
1525.000 203.6 94.29
1526.000 203.7 94.30
1527.000 204.1 94.27
1528.000 204.2 94.22
1529.000 204.2 94.25
1530.000 204.3 94.28
1531.000 204.4 94.38
1532.000 204.5 94.34
1533.000 204.6 94.38
1534.000 204.7 94.41
1535.000 204.7 94.37
1536.000 204.9 94.34
1537.000 205.3 94.41
1538.000 205.6 94.39
1539.000 205.7 94.31
1540.000 205.8 94.21
1541.000 206.1 94.31
1542.000 206.2 94.32
1543.000 206.4 94.34
1544.000 206.4 94.41
1545.000 206.6 94.42
1546.000 206.6 94.53
1547.000 206.9 94.79
1548.000 207.2 94.70
1549.000 207.6 94.93
1550.000 207.8 94.77
1551.000 208.0 94.67
1552.000 208.2 94.96
1553.000 208.3 94.78
1554.000 208.3 94.87
1555.000 208.5 94.93
1556.000 208.6 94.86
1557.000 208.6 94.91
1558.000 208.9 94.72
1559.000 209.2 94.83
1560.000 209.4 94.87
1561.000 209.4 94.83
1562.000 209.7 94.90
1563.000 209.7 94.90
1564.000 209.8 94.96
1565.000 210.2 94.84
1566.000 210.3 94.84
1567.000 210.4 94.96
1568.000 210.4 94.92
1569.000 210.6 94.92
1570.000 210.7 94.88
1571.000 210.8 94.92
1572.000 211.4 94.94
1573.000 211.4 94.90
1574.000 211.5 94.91
1575.000 211.7 94.91
1576.000 211.9 94.95
1577.000 212.1 94.95
1578.000 212.2 94.88
1579.000 212.3 94.95
1580.000 212.4 94.94
1581.000 212.5 94.93
1582.000 212.6 94.94
1583.000 212.9 94.89
1584.000 213.1 94.88
1585.000 213.3 94.92
1586.000 213.4 94.89
1587.000 213.6 94.95
1588.000 213.6 94.94
1589.000 213.8 94.86
1590.000 214.1 94.95
1591.000 214.2 94.85
1592.000 214.3 94.94
1593.000 214.4 94.86
1594.000 214.6 94.91
1595.000 214.6 94.92
1596.000 214.9 94.81
1597.000 215.2 94.91
1598.000 215.3 94.85
1599.000 215.4 94.85
1600.000 215.5 94.91
1601.000 215.6 94.87
1602.000 215.6 94.95
1603.000 215.9 94.94
1604.000 216.2 94.96
1605.000 216.3 94.96
1606.000 216.3 94.96
1607.000 216.4 95.07
1608.000 216.4 95.05
1609.000 216.5 95.05
1610.000 216.6 95.01
1611.000 216.6 94.99
1612.000 216.7 95.09
1613.000 216.8 95.01
1614.000 217.2 95.00
1615.000 217.4 95.07
1616.000 217.4 95.00
1617.000 217.4 95.01
1618.000 217.4 95.02
1619.000 217.5 94.98
1620.000 217.7 94.95
1621.000 217.7 94.91
1622.000 217.7 94.97
1623.000 217.6 94.96
1624.000 217.8 94.92
1625.000 218.0 94.94
1626.000 218.1 94.86
1627.000 218.2 95.02
1628.000 218.3 95.01
1629.000 218.3 94.93
1630.000 218.3 95.01
1631.000 218.3 94.96
1632.000 218.4 94.84
1633.000 218.4 94.95
1634.000 218.4 94.93
1635.000 218.5 94.96
1636.000 218.5 94.94
1637.000 218.4 94.92
1638.000 218.5 94.97
1639.000 218.6 94.95
1640.000 218.6 95.00
1641.000 218.6 94.97
1642.000 218.6 95.00
1643.000 218.6 95.01
1644.000 218.7 94.94
1645.000 218.7 95.01
1646.000 218.7 95.03
1647.000 218.7 94.97
1648.000 218.7 95.05
1649.000 218.7 94.92
1650.000 218.7 95.02
1651.000 218.7 94.99
1652.000 219.1 94.95
1653.000 219.1 94.99
1654.000 219.2 95.01
1655.000 219.1 94.98
1656.000 219.2 95.12
1657.000 219.1 94.90
1658.000 219.2 95.03
1659.000 219.2 94.98
1660.000 219.1 95.00
1661.000 219.1 94.99
1662.000 219.1 94.94
1663.000 219.1 95.03
1664.000 219.1 94.98
1665.000 219.1 94.98
1666.000 219.1 94.98
1667.000 219.1 94.98
1668.000 219.0 94.94
1669.000 219.0 94.97
1670.000 219.0 94.96
1671.000 218.9 95.01
1672.000 218.9 94.92
1673.000 218.9 95.01
1674.000 218.8 94.90
1675.000 218.7 94.90
1676.000 218.4 94.95
1677.000 218.3 94.87
1678.000 218.3 94.89
1679.000 218.2 94.92
1680.000 218.1 94.85
1681.000 218.1 94.93
1682.000 218.1 94.92
1683.000 218.0 94.94
1684.000 218.0 94.91
1685.000 218.0 94.93
1686.000 217.9 94.94
1687.000 217.9 94.88
1688.000 217.9 94.92
1689.000 217.8 94.97
1690.000 217.8 94.94
1691.000 217.7 94.98
1692.000 217.1 95.03
1693.000 217.1 94.97
1694.000 217.0 95.05
1695.000 217.0 94.99
1696.000 217.0 94.98
1697.000 216.9 94.94
1698.000 216.7 94.99
1699.000 216.4 95.01
1700.000 216.3 94.98
1701.000 216.2 95.00
1702.000 216.2 94.93
1703.000 216.0 94.97
1704.000 215.9 94.87
1705.000 215.8 94.82
1706.000 215.8 94.95
1707.000 215.6 94.87
1708.000 215.3 94.92
1709.000 215.2 94.92
1710.000 215.0 94.77
1711.000 215.0 94.97
1712.000 214.9 94.88
1713.000 214.6 94.93
1714.000 214.4 94.98
1715.000 214.3 94.89
1716.000 214.1 94.82
1717.000 214.1 94.85
1718.000 214.0 94.84
1719.000 213.7 94.87
1720.000 213.4 94.83
1721.000 213.3 94.90
1722.000 213.1 94.88
1723.000 212.9 94.91
1724.000 213.0 94.87
1725.000 212.8 94.86
1726.000 212.8 94.93
1727.000 212.6 94.94
1728.000 212.3 94.76
1729.000 212.2 95.01
1730.000 212.1 94.92
1731.000 212.1 94.93
1732.000 211.9 94.86
1733.000 211.9 94.87
1734.000 211.8 94.91
1735.000 211.6 94.91
1736.000 211.1 94.87
1737.000 211.0 94.86
1738.000 210.9 94.89
1739.000 210.7 95.02
1740.000 210.3 94.84
1741.000 210.2 94.98
1742.000 210.2 94.95
1743.000 210.1 94.92
1744.000 210.1 94.90
1745.000 209.8 94.93
1746.000 209.8 94.96
1747.000 209.7 94.94
1748.000 209.6 94.92
1749.000 209.2 94.93
1750.000 208.9 94.79
1751.000 208.6 94.82
1752.000 208.5 94.94
1753.000 208.3 94.75
1754.000 208.1 94.94
1755.000 208.1 94.86
1756.000 208.1 94.88
1757.000 207.8 94.92
1758.000 207.9 94.75
1759.000 207.7 94.84
1760.000 207.2 94.86
1761.000 207.1 94.82
1762.000 207.0 94.86
1763.000 206.9 94.78
1764.000 206.7 94.86
1765.000 206.4 94.81
1766.000 206.2 94.85
1767.000 205.9 94.88
1768.000 206.1 94.61
1769.000 206.0 94.64
1770.000 206.0 94.72
1771.000 205.9 94.74
1772.000 205.8 94.72
1773.000 205.7 94.74
1774.000 205.2 94.86
1775.000 205.0 94.75
1776.000 204.8 94.73
1777.000 204.8 94.74
1778.000 204.6 94.73
1779.000 204.3 94.78
1780.000 204.2 94.72
1781.000 204.1 94.67
1782.000 204.1 94.71
1783.000 204.0 94.66
1784.000 204.0 94.72
1785.000 204.0 94.67
1786.000 203.8 94.72
1787.000 203.8 94.74
1788.000 203.7 94.71
1789.000 203.3 94.75
1790.000 203.1 94.80
1791.000 203.0 94.69
1792.000 202.8 94.82
1793.000 202.8 94.72
1794.000 202.8 94.73
1795.000 202.7 94.77
1796.000 202.3 94.74
1797.000 202.2 94.73
1798.000 202.1 94.69
1799.000 202.0 94.70
1800.000 202.0 94.71
1801.000 202.0 94.68
1802.000 201.9 94.68
1803.000 201.8 94.73
1804.000 201.8 94.72
1805.000 201.8 94.69
1806.000 201.8 94.66
1807.000 201.7 94.79
1808.000 201.2 94.78
